1957 254
4958
1 1817 221
1 1204 151
1 1716 222
1 465 100
1 1729 200
1 1817 222
1 1818 221
1 1817 220
1 1816 221
1 1204 152
1 1205 151
1 1204 150
1 1203 151
1 1716 223
1 1717 222
1 1716 221
1 1715 222
1 465 101
1 466 100
1 465 99
1 464 100
1 1729 201
1 1730 200
1 1729 199
1 1728 200
1 1817 223
1 1818 222
1 1816 222
1 1819 221
1 1818 220
1 1817 219
1 1816 220
1 1815 221
1 1204 153
1 1205 152
1 1203 152
1 1206 151
1 1205 150
1 1204 149
1 1203 150
1 1202 151
1 1716 224
1 1717 223
1 1715 223
1 1718 222
1 1717 221
1 1716 220
1 1715 221
1 1714 222
1 465 102
1 466 101
1 464 101
1 467 100
1 466 99
1 465 98
1 464 99
1 463 100
1 1729 202
1 1730 201
1 1728 201
1 1731 200
1 1730 199
1 1729 198
1 1728 199
1 1727 200
1 1817 224
1 1818 223
1 1816 223
1 1819 222
1 1815 222
1 1820 221
1 1819 220
1 1818 219
1 1817 218
1 1816 219
1 1815 220
1 1814 221
1 1204 154
1 1205 153
1 1203 153
1 1206 152
1 1202 152
1 1207 151
1 1206 150
1 1205 149
1 1204 148
1 1203 149
1 1202 150
1 1201 151
1 1716 225
1 1717 224
1 1715 224
1 1718 223
1 1714 223
1 1719 222
1 1718 221
1 1717 220
1 1716 219
1 1715 220
1 1714 221
1 1713 222
1 465 103
1 466 102
1 464 102
1 467 101
1 463 101
1 468 100
1 467 99
1 466 98
1 465 97
1 464 98
1 463 99
1 462 100
1 1729 203
1 1730 202
1 1728 202
1 1731 201
1 1727 201
1 1732 200
1 1731 199
1 1730 198
1 1729 197
1 1728 198
1 1727 199
1 1726 200
1 1817 225
1 1818 224
1 1816 224
1 1819 223
1 1815 223
1 1820 222
1 1814 222
1 1821 221
1 1820 220
1 1819 219
1 1818 218
1 1817 217
1 1816 218
1 1815 219
1 1814 220
1 1813 221
1 1204 155
1 1205 154
1 1203 154
1 1206 153
1 1202 153
1 1207 152
1 1201 152
1 1208 151
1 1207 150
1 1206 149
1 1205 148
1 1204 147
1 1203 148
1 1202 149
1 1201 150
1 1200 151
1 1716 226
1 1717 225
1 1715 225
1 1718 224
1 1714 224
1 1719 223
1 1713 223
1 1720 222
1 1719 221
1 1718 220
1 1717 219
1 1716 218
1 1715 219
1 1714 220
1 1713 221
1 1712 222
1 465 104
1 466 103
1 464 103
1 467 102
1 463 102
1 468 101
1 462 101
1 469 100
1 468 99
1 467 98
1 466 97
1 465 96
1 464 97
1 463 98
1 462 99
1 461 100
1 1729 204
1 1730 203
1 1728 203
1 1731 202
1 1727 202
1 1732 201
1 1726 201
1 1733 200
1 1732 199
1 1731 198
1 1730 197
1 1729 196
1 1728 197
1 1727 198
1 1726 199
1 1725 200
1 1817 226
1 1818 225
1 1816 225
1 1819 224
1 1815 224
1 1820 223
1 1814 223
1 1821 222
1 1813 222
1 1822 221
1 1821 220
1 1820 219
1 1819 218
1 1818 217
1 1817 216
1 1816 217
1 1815 218
1 1814 219
1 1813 220
1 1812 221
1 1204 156
1 1205 155
1 1203 155
1 1206 154
1 1202 154
1 1207 153
1 1201 153
1 1208 152
1 1200 152
1 1209 151
1 1208 150
1 1207 149
1 1206 148
1 1205 147
1 1204 146
1 1203 147
1 1202 148
1 1201 149
1 1200 150
1 1199 151
1 1716 227
1 1717 226
1 1715 226
1 1718 225
1 1714 225
1 1719 224
1 1713 224
1 1720 223
1 1712 223
1 1721 222
1 1720 221
1 1719 220
1 1718 219
1 1717 218
1 1716 217
1 1715 218
1 1714 219
1 1713 220
1 1712 221
1 1711 222
1 465 105
1 466 104
1 464 104
1 467 103
1 463 103
1 468 102
1 462 102
1 469 101
1 461 101
1 470 100
1 469 99
1 468 98
1 467 97
1 466 96
1 465 95
1 464 96
1 463 97
1 462 98
1 461 99
1 460 100
1 1729 205
1 1730 204
1 1728 204
1 1731 203
1 1727 203
1 1732 202
1 1726 202
1 1733 201
1 1725 201
1 1734 200
1 1733 199
1 1732 198
1 1731 197
1 1730 196
1 1729 195
1 1728 196
1 1727 197
1 1726 198
1 1725 199
1 1724 200
1 1817 227
1 1818 226
1 1816 226
1 1819 225
1 1815 225
1 1820 224
1 1814 224
1 1821 223
1 1813 223
1 1822 222
1 1812 222
1 1823 221
1 1822 220
1 1821 219
1 1820 218
1 1819 217
1 1818 216
1 1817 215
1 1816 216
1 1815 217
1 1814 218
1 1813 219
1 1812 220
1 1811 221
1 1204 157
1 1205 156
1 1203 156
1 1206 155
1 1202 155
1 1207 154
1 1201 154
1 1208 153
1 1200 153
1 1209 152
1 1199 152
1 1210 151
1 1209 150
1 1208 149
1 1207 148
1 1206 147
1 1205 146
1 1204 145
1 1203 146
1 1202 147
1 1201 148
1 1200 149
1 1199 150
1 1198 151
1 1716 228
1 1717 227
1 1715 227
1 1718 226
1 1714 226
1 1719 225
1 1713 225
1 1720 224
1 1712 224
1 1721 223
1 1711 223
1 1722 222
1 1721 221
1 1720 220
1 1719 219
1 1718 218
1 1717 217
1 1716 216
1 1715 217
1 1714 218
1 1713 219
1 1712 220
1 1711 221
1 1710 222
1 465 106
1 466 105
1 464 105
1 467 104
1 463 104
1 468 103
1 462 103
1 469 102
1 461 102
1 470 101
1 460 101
1 471 100
1 470 99
1 469 98
1 468 97
1 467 96
1 466 95
1 465 94
1 464 95
1 463 96
1 462 97
1 461 98
1 460 99
1 459 100
1 1729 206
1 1730 205
1 1728 205
1 1731 204
1 1727 204
1 1732 203
1 1726 203
1 1733 202
1 1725 202
1 1734 201
1 1724 201
1 1735 200
1 1734 199
1 1733 198
1 1732 197
1 1731 196
1 1730 195
1 1729 194
1 1728 195
1 1727 196
1 1726 197
1 1725 198
1 1724 199
1 1723 200
1 1817 228
1 1818 227
1 1816 227
1 1819 226
1 1815 226
1 1820 225
1 1814 225
1 1821 224
1 1813 224
1 1822 223
1 1812 223
1 1823 222
1 1811 222
1 1824 221
1 1823 220
1 1822 219
1 1821 218
1 1820 217
1 1819 216
1 1818 215
1 1817 214
1 1816 215
1 1815 216
1 1814 217
1 1813 218
1 1812 219
1 1811 220
1 1810 221
1 1204 158
1 1205 157
1 1203 157
1 1206 156
1 1202 156
1 1207 155
1 1201 155
1 1208 154
1 1200 154
1 1209 153
1 1199 153
1 1210 152
1 1198 152
1 1211 151
1 1210 150
1 1209 149
1 1208 148
1 1207 147
1 1206 146
1 1205 145
1 1204 144
1 1203 145
1 1202 146
1 1201 147
1 1200 148
1 1199 149
1 1198 150
1 1197 151
1 1716 229
1 1717 228
1 1715 228
1 1718 227
1 1714 227
1 1719 226
1 1713 226
1 1720 225
1 1712 225
1 1721 224
1 1711 224
1 1722 223
1 1710 223
1 1723 222
1 1722 221
1 1721 220
1 1720 219
1 1719 218
1 1718 217
1 1717 216
1 1716 215
1 1715 216
1 1714 217
1 1713 218
1 1712 219
1 1711 220
1 1710 221
1 1709 222
1 465 107
1 466 106
1 464 106
1 467 105
1 463 105
1 468 104
1 462 104
1 469 103
1 461 103
1 470 102
1 460 102
1 471 101
1 459 101
1 472 100
1 471 99
1 470 98
1 469 97
1 468 96
1 467 95
1 466 94
1 465 93
1 464 94
1 463 95
1 462 96
1 461 97
1 460 98
1 459 99
1 458 100
1 1729 207
1 1730 206
1 1728 206
1 1731 205
1 1727 205
1 1732 204
1 1726 204
1 1733 203
1 1725 203
1 1734 202
1 1724 202
1 1735 201
1 1723 201
1 1736 200
1 1735 199
1 1734 198
1 1733 197
1 1732 196
1 1731 195
1 1730 194
1 1729 193
1 1728 194
1 1727 195
1 1726 196
1 1725 197
1 1724 198
1 1723 199
1 1722 200
1 1817 229
1 1818 228
1 1816 228
1 1819 227
1 1815 227
1 1820 226
1 1814 226
1 1821 225
1 1813 225
1 1822 224
1 1812 224
1 1823 223
1 1811 223
1 1824 222
1 1810 222
1 1825 221
1 1824 220
1 1823 219
1 1822 218
1 1821 217
1 1820 216
1 1819 215
1 1818 214
1 1817 213
1 1816 214
1 1815 215
1 1814 216
1 1813 217
1 1812 218
1 1811 219
1 1810 220
1 1809 221
1 1204 159
1 1205 158
1 1203 158
1 1206 157
1 1202 157
1 1207 156
1 1201 156
1 1208 155
1 1200 155
1 1209 154
1 1199 154
1 1210 153
1 1198 153
1 1211 152
1 1197 152
1 1212 151
1 1211 150
1 1210 149
1 1209 148
1 1208 147
1 1207 146
1 1206 145
1 1205 144
1 1204 143
1 1203 144
1 1202 145
1 1201 146
1 1200 147
1 1199 148
1 1198 149
1 1197 150
1 1196 151
1 1716 230
1 1717 229
1 1715 229
1 1718 228
1 1714 228
1 1719 227
1 1713 227
1 1720 226
1 1712 226
1 1721 225
1 1711 225
1 1722 224
1 1710 224
1 1723 223
1 1709 223
1 1724 222
1 1723 221
1 1722 220
1 1721 219
1 1720 218
1 1719 217
1 1718 216
1 1717 215
1 1716 214
1 1715 215
1 1714 216
1 1713 217
1 1712 218
1 1711 219
1 1710 220
1 1709 221
1 1708 222
1 465 108
1 466 107
1 464 107
1 467 106
1 463 106
1 468 105
1 462 105
1 469 104
1 461 104
1 470 103
1 460 103
1 471 102
1 459 102
1 472 101
1 458 101
1 473 100
1 472 99
1 471 98
1 470 97
1 469 96
1 468 95
1 467 94
1 466 93
1 465 92
1 464 93
1 463 94
1 462 95
1 461 96
1 460 97
1 459 98
1 458 99
1 457 100
1 1729 208
1 1730 207
1 1728 207
1 1731 206
1 1727 206
1 1732 205
1 1726 205
1 1733 204
1 1725 204
1 1734 203
1 1724 203
1 1735 202
1 1723 202
1 1736 201
1 1722 201
1 1737 200
1 1736 199
1 1735 198
1 1734 197
1 1733 196
1 1732 195
1 1731 194
1 1730 193
1 1729 192
1 1728 193
1 1727 194
1 1726 195
1 1725 196
1 1724 197
1 1723 198
1 1722 199
1 1721 200
1 1817 230
1 1818 229
1 1816 229
1 1819 228
1 1815 228
1 1820 227
1 1814 227
1 1821 226
1 1813 226
1 1822 225
1 1812 225
1 1823 224
1 1811 224
1 1824 223
1 1810 223
1 1825 222
1 1809 222
1 1826 221
1 1825 220
1 1824 219
1 1823 218
1 1822 217
1 1821 216
1 1820 215
1 1819 214
1 1818 213
1 1817 212
1 1816 213
1 1815 214
1 1814 215
1 1813 216
1 1812 217
1 1811 218
1 1810 219
1 1809 220
1 1808 221
1 1204 160
1 1205 159
1 1203 159
1 1206 158
1 1202 158
1 1207 157
1 1201 157
1 1208 156
1 1200 156
1 1209 155
1 1199 155
1 1210 154
1 1198 154
1 1211 153
1 1197 153
1 1212 152
1 1196 152
1 1213 151
1 1212 150
1 1211 149
1 1210 148
1 1209 147
1 1208 146
1 1207 145
1 1206 144
1 1205 143
1 1204 142
1 1203 143
1 1202 144
1 1201 145
1 1200 146
1 1199 147
1 1198 148
1 1197 149
1 1196 150
1 1195 151
1 1716 231
1 1717 230
1 1715 230
1 1718 229
1 1714 229
1 1719 228
1 1713 228
1 1720 227
1 1712 227
1 1721 226
1 1711 226
1 1722 225
1 1710 225
1 1723 224
1 1709 224
1 1724 223
1 1708 223
1 1725 222
1 1724 221
1 1723 220
1 1722 219
1 1721 218
1 1720 217
1 1719 216
1 1718 215
1 1717 214
1 1716 213
1 1715 214
1 1714 215
1 1713 216
1 1712 217
1 1711 218
1 1710 219
1 1709 220
1 1708 221
1 1707 222
1 465 109
1 466 108
1 464 108
1 467 107
1 463 107
1 468 106
1 462 106
1 469 105
1 461 105
1 470 104
1 460 104
1 471 103
1 459 103
1 472 102
1 458 102
1 473 101
1 457 101
1 474 100
1 473 99
1 472 98
1 471 97
1 470 96
1 469 95
1 468 94
1 467 93
1 466 92
1 465 91
1 464 92
1 463 93
1 462 94
1 461 95
1 460 96
1 459 97
1 458 98
1 457 99
1 456 100
1 1729 209
1 1730 208
1 1728 208
1 1731 207
1 1727 207
1 1732 206
1 1726 206
1 1733 205
1 1725 205
1 1734 204
1 1724 204
1 1735 203
1 1723 203
1 1736 202
1 1722 202
1 1737 201
1 1721 201
1 1738 200
1 1737 199
1 1736 198
1 1735 197
1 1734 196
1 1733 195
1 1732 194
1 1731 193
1 1730 192
1 1729 191
1 1728 192
1 1727 193
1 1726 194
1 1725 195
1 1724 196
1 1723 197
1 1722 198
1 1721 199
1 1720 200
1 1817 231
1 1818 230
1 1816 230
1 1819 229
1 1815 229
1 1820 228
1 1814 228
1 1821 227
1 1813 227
1 1822 226
1 1812 226
1 1823 225
1 1811 225
1 1824 224
1 1810 224
1 1825 223
1 1809 223
1 1826 222
1 1808 222
1 1827 221
1 1826 220
1 1825 219
1 1824 218
1 1823 217
1 1822 216
1 1821 215
1 1820 214
1 1819 213
1 1818 212
1 1817 211
1 1816 212
1 1815 213
1 1814 214
1 1813 215
1 1812 216
1 1811 217
1 1810 218
1 1809 219
1 1808 220
1 1807 221
1 1204 161
1 1205 160
1 1203 160
1 1206 159
1 1202 159
1 1207 158
1 1201 158
1 1208 157
1 1200 157
1 1209 156
1 1199 156
1 1210 155
1 1198 155
1 1211 154
1 1197 154
1 1212 153
1 1196 153
1 1213 152
1 1195 152
1 1214 151
1 1213 150
1 1212 149
1 1211 148
1 1210 147
1 1209 146
1 1208 145
1 1207 144
1 1206 143
1 1205 142
1 1204 141
1 1203 142
1 1202 143
1 1201 144
1 1200 145
1 1199 146
1 1198 147
1 1197 148
1 1196 149
1 1195 150
1 1194 151
1 1716 232
1 1717 231
1 1715 231
1 1718 230
1 1714 230
1 1719 229
1 1713 229
1 1720 228
1 1712 228
1 1721 227
1 1711 227
1 1722 226
1 1710 226
1 1723 225
1 1709 225
1 1724 224
1 1708 224
1 1725 223
1 1707 223
1 1726 222
1 1725 221
1 1724 220
1 1723 219
1 1722 218
1 1721 217
1 1720 216
1 1719 215
1 1718 214
1 1717 213
1 1716 212
1 1715 213
1 1714 214
1 1713 215
1 1712 216
1 1711 217
1 1710 218
1 1709 219
1 1708 220
1 1707 221
1 1706 222
1 465 110
1 466 109
1 464 109
1 467 108
1 463 108
1 468 107
1 462 107
1 469 106
1 461 106
1 470 105
1 460 105
1 471 104
1 459 104
1 472 103
1 458 103
1 473 102
1 457 102
1 474 101
1 456 101
1 475 100
1 474 99
1 473 98
1 472 97
1 471 96
1 470 95
1 469 94
1 468 93
1 467 92
1 466 91
1 465 90
1 464 91
1 463 92
1 462 93
1 461 94
1 460 95
1 459 96
1 458 97
1 457 98
1 456 99
1 455 100
1 1729 210
1 1730 209
1 1728 209
1 1731 208
1 1727 208
1 1732 207
1 1726 207
1 1733 206
1 1725 206
1 1734 205
1 1724 205
1 1735 204
1 1723 204
1 1736 203
1 1722 203
1 1737 202
1 1721 202
1 1738 201
1 1720 201
1 1739 200
1 1738 199
1 1737 198
1 1736 197
1 1735 196
1 1734 195
1 1733 194
1 1732 193
1 1731 192
1 1730 191
1 1729 190
1 1728 191
1 1727 192
1 1726 193
1 1725 194
1 1724 195
1 1723 196
1 1722 197
1 1721 198
1 1720 199
1 1719 200
1 1817 232
1 1818 231
1 1816 231
1 1819 230
1 1815 230
1 1820 229
1 1814 229
1 1821 228
1 1813 228
1 1822 227
1 1812 227
1 1823 226
1 1811 226
1 1824 225
1 1810 225
1 1825 224
1 1809 224
1 1826 223
1 1808 223
1 1827 222
1 1807 222
1 1828 221
1 1827 220
1 1826 219
1 1825 218
1 1824 217
1 1823 216
1 1822 215
1 1821 214
1 1820 213
1 1819 212
1 1818 211
1 1817 210
1 1816 211
1 1815 212
1 1814 213
1 1813 214
1 1812 215
1 1811 216
1 1810 217
1 1809 218
1 1808 219
1 1807 220
1 1806 221
1 1204 162
1 1205 161
1 1203 161
1 1206 160
1 1202 160
1 1207 159
1 1201 159
1 1208 158
1 1200 158
1 1209 157
1 1199 157
1 1210 156
1 1198 156
1 1211 155
1 1197 155
1 1212 154
1 1196 154
1 1213 153
1 1195 153
1 1214 152
1 1194 152
1 1215 151
1 1214 150
1 1213 149
1 1212 148
1 1211 147
1 1210 146
1 1209 145
1 1208 144
1 1207 143
1 1206 142
1 1205 141
1 1204 140
1 1203 141
1 1202 142
1 1201 143
1 1200 144
1 1199 145
1 1198 146
1 1197 147
1 1196 148
1 1195 149
1 1194 150
1 1193 151
1 1716 233
1 1717 232
1 1715 232
1 1718 231
1 1714 231
1 1719 230
1 1713 230
1 1720 229
1 1712 229
1 1721 228
1 1711 228
1 1722 227
1 1710 227
1 1723 226
1 1709 226
1 1724 225
1 1708 225
1 1725 224
1 1707 224
1 1726 223
1 1706 223
1 1727 222
1 1726 221
1 1725 220
1 1724 219
1 1723 218
1 1722 217
1 1721 216
1 1720 215
1 1719 214
1 1718 213
1 1717 212
1 1716 211
1 1715 212
1 1714 213
1 1713 214
1 1712 215
1 1711 216
1 1710 217
1 1709 218
1 1708 219
1 1707 220
1 1706 221
1 1705 222
1 465 111
1 466 110
1 464 110
1 467 109
1 463 109
1 468 108
1 462 108
1 469 107
1 461 107
1 470 106
1 460 106
1 471 105
1 459 105
1 472 104
1 458 104
1 473 103
1 457 103
1 474 102
1 456 102
1 475 101
1 455 101
1 476 100
1 475 99
1 474 98
1 473 97
1 472 96
1 471 95
1 470 94
1 469 93
1 468 92
1 467 91
1 466 90
1 465 89
1 464 90
1 463 91
1 462 92
1 461 93
1 460 94
1 459 95
1 458 96
1 457 97
1 456 98
1 455 99
1 454 100
1 1729 211
1 1730 210
1 1728 210
1 1731 209
1 1727 209
1 1732 208
1 1726 208
1 1733 207
1 1725 207
1 1734 206
1 1724 206
1 1735 205
1 1723 205
1 1736 204
1 1722 204
1 1737 203
1 1721 203
1 1738 202
1 1720 202
1 1739 201
1 1719 201
1 1740 200
1 1739 199
1 1738 198
1 1737 197
1 1736 196
1 1735 195
1 1734 194
1 1733 193
1 1732 192
1 1731 191
1 1730 190
1 1729 189
1 1728 190
1 1727 191
1 1726 192
1 1725 193
1 1724 194
1 1723 195
1 1722 196
1 1721 197
1 1720 198
1 1719 199
1 1718 200
1 1817 233
1 1818 232
1 1816 232
1 1819 231
1 1815 231
1 1820 230
1 1814 230
1 1821 229
1 1813 229
1 1822 228
1 1812 228
1 1823 227
1 1811 227
1 1824 226
1 1810 226
1 1825 225
1 1809 225
1 1826 224
1 1808 224
1 1827 223
1 1807 223
1 1828 222
1 1806 222
1 1829 221
1 1828 220
1 1827 219
1 1826 218
1 1825 217
1 1824 216
1 1823 215
1 1822 214
1 1821 213
1 1820 212
1 1819 211
1 1818 210
1 1817 209
1 1816 210
1 1815 211
1 1814 212
1 1813 213
1 1812 214
1 1811 215
1 1810 216
1 1809 217
1 1808 218
1 1807 219
1 1806 220
1 1805 221
1 1204 163
1 1205 162
1 1203 162
1 1206 161
1 1202 161
1 1207 160
1 1201 160
1 1208 159
1 1200 159
1 1209 158
1 1199 158
1 1210 157
1 1198 157
1 1211 156
1 1197 156
1 1212 155
1 1196 155
1 1213 154
1 1195 154
1 1214 153
1 1194 153
1 1215 152
1 1193 152
1 1216 151
1 1215 150
1 1214 149
1 1213 148
1 1212 147
1 1211 146
1 1210 145
1 1209 144
1 1208 143
1 1207 142
1 1206 141
1 1205 140
1 1204 139
1 1203 140
1 1202 141
1 1201 142
1 1200 143
1 1199 144
1 1198 145
1 1197 146
1 1196 147
1 1195 148
1 1194 149
1 1193 150
1 1192 151
1 1716 234
1 1717 233
1 1715 233
1 1718 232
1 1714 232
1 1719 231
1 1713 231
1 1720 230
1 1712 230
1 1721 229
1 1711 229
1 1722 228
1 1710 228
1 1723 227
1 1709 227
1 1724 226
1 1708 226
1 1725 225
1 1707 225
1 1726 224
1 1706 224
1 1727 223
1 1705 223
1 1728 222
1 1727 221
1 1726 220
1 1725 219
1 1724 218
1 1723 217
1 1722 216
1 1721 215
1 1720 214
1 1719 213
1 1718 212
1 1717 211
1 1716 210
1 1715 211
1 1714 212
1 1713 213
1 1712 214
1 1711 215
1 1710 216
1 1709 217
1 1708 218
1 1707 219
1 1706 220
1 1705 221
1 1704 222
1 465 112
1 466 111
1 464 111
1 467 110
1 463 110
1 468 109
1 462 109
1 469 108
1 461 108
1 470 107
1 460 107
1 471 106
1 459 106
1 472 105
1 458 105
1 473 104
1 457 104
1 474 103
1 456 103
1 475 102
1 455 102
1 476 101
1 454 101
1 477 100
1 476 99
1 475 98
1 474 97
1 473 96
1 472 95
1 471 94
1 470 93
1 469 92
1 468 91
1 467 90
1 466 89
1 465 88
1 464 89
1 463 90
1 462 91
1 461 92
1 460 93
1 459 94
1 458 95
1 457 96
1 456 97
1 455 98
1 454 99
1 453 100
1 1729 212
1 1730 211
1 1728 211
1 1731 210
1 1727 210
1 1732 209
1 1726 209
1 1733 208
1 1725 208
1 1734 207
1 1724 207
1 1735 206
1 1723 206
1 1736 205
1 1722 205
1 1737 204
1 1721 204
1 1738 203
1 1720 203
1 1739 202
1 1719 202
1 1740 201
1 1718 201
1 1741 200
1 1740 199
1 1739 198
1 1738 197
1 1737 196
1 1736 195
1 1735 194
1 1734 193
1 1733 192
1 1732 191
1 1731 190
1 1730 189
1 1729 188
1 1728 189
1 1727 190
1 1726 191
1 1725 192
1 1724 193
1 1723 194
1 1722 195
1 1721 196
1 1720 197
1 1719 198
1 1718 199
1 1717 200
1 1817 234
1 1818 233
1 1816 233
1 1819 232
1 1815 232
1 1820 231
1 1814 231
1 1821 230
1 1813 230
1 1822 229
1 1812 229
1 1823 228
1 1811 228
1 1824 227
1 1810 227
1 1825 226
1 1809 226
1 1826 225
1 1808 225
1 1827 224
1 1807 224
1 1828 223
1 1806 223
1 1829 222
1 1805 222
1 1830 221
1 1829 220
1 1828 219
1 1827 218
1 1826 217
1 1825 216
1 1824 215
1 1823 214
1 1822 213
1 1821 212
1 1820 211
1 1819 210
1 1818 209
1 1817 208
1 1816 209
1 1815 210
1 1814 211
1 1813 212
2 36 72 1061 53
2 793 190 543 102
2 1226 100 1407 101
2 1249 90 451 154
2 1897 59 774 49
2 1306 111 719 2
2 976 128 785 167
2 1527 61 966 41
2 251 2 1908 39
2 780 221 546 193
2 681 130 1539 110
2 440 83 827 21
2 429 52 836 20
2 689 251 870 112
2 1029 75 1641 137
2 1212 91 429 76
2 1036 236 1396 118
2 1753 175 459 86
2 852 64 1002 125
2 622 40 914 251
2 1094 244 156 36
2 1794 42 206 227
2 1605 60 1642 66
2 490 18 136 1
2 1094 45 998 143
2 120 171 68 64
2 384 26 767 199
2 706 184 1726 210
2 160 52 1166 163
2 456 86 1887 163
2 1351 144 130 111
2 290 207 1226 107
2 773 193 211 151
2 1759 154 438 227
2 240 48 1224 20
2 194 157 1776 94
2 750 53 602 240
2 1346 129 1118 231
2 1252 149 1695 219
2 1123 23 776 180
2 1825 2 35 224
2 1588 230 701 233
2 439 72 1095 12
2 957 229 314 160
2 293 59 1679 137
2 1397 186 1167 26
2 921 43 867 220
2 1045 76 221 44
2 88 57 1716 62
2 1176 3 16 172
2 1194 59 1183 86
2 1515 197 1133 53
2 508 216 441 140
2 273 74 1443 72
2 408 133 950 48
2 240 48 929 155
2 1275 115 594 22
2 1291 92 1912 145
2 970 29 1897 223
2 1693 82 1608 211
2 1520 4 1755 203
2 1777 103 1215 28
2 1657 202 960 118
2 1911 220 1250 106
2 1076 78 1592 205
2 429 43 1572 191
2 531 123 801 205
2 1819 156 1067 204
2 1583 120 114 184
2 148 126 1697 120
2 472 150 1655 72
2 613 120 295 244
2 14 101 634 127
2 1440 52 463 65
2 1700 69 1772 81
2 1037 211 1797 41
2 789 181 518 59
2 828 149 1749 178
2 1801 181 239 122
2 577 144 1510 107
2 1518 202 928 240
2 1088 185 1784 93
2 1265 35 99 247
2 329 34 449 15
2 184 196 1520 157
2 1556 116 1430 33
2 1534 50 1126 170
2 622 32 467 80
2 1433 33 1873 137
2 1548 224 976 25
2 1534 59 1440 185
2 878 220 411 52
2 1865 113 459 92
2 238 123 521 192
2 834 160 425 6
2 753 110 1178 139
2 1667 7 533 25
2 1858 135 605 160
2 1893 73 591 211
2 1599 27 294 34
2 960 40 1762 161
2 463 144 557 163
2 1145 39 788 84
2 650 232 694 184
2 269 43 1264 106
2 3 119 1250 56
2 489 197 573 73
2 1782 195 1644 50
2 1073 80 889 2
2 1444 169 1234 228
2 900 183 1595 5
2 1452 243 1355 91
2 983 172 1922 186
2 536 71 163 74
2 771 96 1397 167
2 218 185 266 91
2 1328 77 1637 215
2 1543 55 1915 65
2 191 43 659 18
2 1409 87 1209 4
2 774 125 252 150
2 429 149 1234 249
2 571 70 182 2
2 174 250 446 83
2 1789 192 607 168
2 51 228 1186 114
2 442 156 138 67
2 2 125 143 99
2 558 185 370 29
2 875 35 257 183
2 507 228 770 158
2 299 76 1078 118
2 1362 16 1807 29
2 776 186 1921 97
2 1868 154 1237 44
2 1493 246 1653 69
2 334 71 1545 197
2 321 148 1720 62
2 1330 174 1152 211
2 1845 3 1199 193
2 551 223 1585 220
2 654 8 19 205
2 471 81 682 86
2 1618 210 604 244
2 1665 161 1570 80
2 776 83 519 210
2 744 54 1181 102
2 1476 234 1885 49
2 1649 235 1373 90
2 1013 201 659 162
2 937 18 1510 3
2 1049 165 602 125
2 82 144 585 93
2 227 106 660 192
2 1712 188 813 118
2 546 202 1867 96
2 741 161 835 77
2 992 79 778 32
2 1817 44 735 36
2 853 45 689 70
2 1897 52 84 165
2 967 251 1011 155
2 313 98 603 99
2 312 229 1089 66
2 1434 229 1529 242
2 33 71 1674 228
2 249 197 1701 226
2 1821 223 1887 51
2 772 87 1624 110
2 1620 221 1679 14
2 499 36 836 110
2 1205 244 31 48
2 18 158 357 46
2 513 50 1702 207
2 1233 215 1156 129
2 247 8 310 178
2 385 184 795 100
2 225 88 889 235
2 1939 171 71 173
2 1422 155 1387 155
2 458 253 815 85
2 641 236 1170 29
2 67 99 1703 23
2 1075 232 556 129
2 307 78 1623 188
2 1051 89 1676 62
2 842 73 644 4
2 1539 56 1417 221
2 962 185 762 149
2 1694 51 1626 150
2 230 66 1914 219
2 1185 70 1954 254
2 137 119 1225 37
2 66 115 1626 236
2 1394 139 15 48
2 1414 146 1608 232
2 875 133 681 168
2 480 243 1698 57
2 522 50 1267 110
2 753 123 537 58
2 1941 126 598 91
2 1712 232 1196 221
2 349 95 879 16
2 1765 178 736 193
2 209 100 1004 105
2 930 81 243 101
2 1727 73 54 130
2 328 223 386 19
2 1503 153 1379 232
2 1099 218 1557 168
2 1588 3 1693 75
2 311 42 1887 59
2 1399 133 956 37
2 1186 38 1784 80
2 1715 228 1899 197
2 815 120 1942 245
2 996 44 828 165
2 973 148 718 178
2 201 219 664 249
2 619 14 1445 252
2 1265 90 565 70
2 464 78 1730 18
2 1007 196 421 210
2 293 91 565 235
2 1299 90 1821 79
2 1668 47 1483 71
2 102 129 1119 208
2 1284 203 351 14
2 1117 77 248 115
2 1042 122 1668 168
2 242 69 71 25
2 504 46 931 50
2 1216 38 878 44
2 1731 107 488 209
2 930 27 1585 82
2 1199 140 142 178
2 531 155 790 75
2 1358 138 368 95
2 1240 181 1193 126
2 526 133 1837 20
2 293 233 321 1
2 946 128 702 152
2 505 176 800 56
2 470 191 455 116
2 1643 182 1588 204
2 335 158 1713 39
2 232 55 671 99
2 662 90 552 18
2 36 170 1424 92
2 867 89 1622 69
2 453 42 1543 95
2 53 20 1068 133
2 483 153 892 224
2 1342 129 1592 187
2 949 166 1302 78
2 1349 243 1736 221
2 301 114 1266 209
2 1948 87 1206 181
2 548 158 752 105
2 1870 188 287 140
2 1858 187 1834 37
2 913 214 1126 113
2 572 186 1645 193
2 122 104 765 31
2 1577 60 1233 91
2 7 154 1046 43
2 1050 8 1753 63
2 1046 88 258 155
2 1213 158 763 220
2 1174 224 1913 115
2 1549 163 1651 83
2 1233 182 807 220
2 379 38 1295 179
2 472 4 477 129
2 249 24 1778 85
2 1299 223 1579 228
2 983 174 808 70
2 1728 143 40 164
2 781 192 363 205
2 1570 185 1504 36
2 1556 125 348 53
2 524 44 1158 179
2 1417 234 1681 143
2 624 128 1797 5
2 908 42 104 193
2 83 19 215 121
2 1870 246 1032 199
2 1184 180 1032 214
2 608 229 604 111
2 809 174 132 214
2 966 242 20 136
2 629 198 749 240
2 1686 138 258 180
2 1011 222 249 226
2 916 13 1936 111
2 737 70 1808 71
2 1200 24 657 62
2 325 111 521 224
2 1435 136 1187 155
2 1343 190 232 151
2 273 54 230 82
2 248 141 1011 63
2 1452 1 1304 86
2 219 189 1269 129
2 109 5 331 111
2 323 196 1680 6
2 1622 155 1220 9
2 1291 120 418 92
2 1704 108 15 195
2 1074 189 1409 10
2 443 117 18 162
2 898 153 228 129
2 257 97 252 54
2 1336 138 673 251
2 1352 215 176 175
2 273 121 24 104
2 928 96 83 225
2 1152 166 1313 241
2 896 178 1838 150
2 120 38 715 173
2 1087 68 1240 237
2 621 232 1821 169
2 960 199 437 248
2 1675 103 774 102
2 1248 100 1568 165
2 1524 17 341 160
2 427 200 25 217
2 1137 221 385 75
2 940 7 1190 191
2 777 97 689 110
2 689 133 891 93
2 563 226 222 212
2 223 223 443 157
2 1351 70 1725 38
2 36 61 361 87
2 1409 243 1403 177
2 488 106 87 187
2 210 106 675 151
2 1377 59 481 178
2 1774 17 428 174
2 446 66 1750 173
2 918 223 1808 141
2 1310 48 625 108
2 543 219 1474 233
2 105 53 1533 57
2 817 31 379 66
2 1830 177 1560 28
2 1565 95 705 67
2 1264 97 400 55
2 727 200 178 27
2 1318 100 676 69
2 344 233 1598 95
2 504 199 166 45
2 229 66 533 213
2 10 107 24 1
2 658 224 379 224
2 91 202 1609 59
2 1136 13 128 75
2 1183 237 419 63
2 1501 135 1868 244
2 712 169 303 248
2 990 44 803 198
2 913 213 998 231
2 1040 14 754 3
2 780 70 1047 25
2 857 158 191 48
2 1284 175 1890 44
2 1871 200 281 148
2 143 227 560 175
2 94 204 316 123
2 548 218 713 1
2 446 104 37 152
2 564 103 421 216
2 919 28 1647 36
2 1298 149 959 16
2 1392 90 111 18
2 328 211 455 246
2 1324 132 951 94
2 1723 8 1454 146
2 764 19 1413 64
2 40 70 493 14
2 838 163 1580 5
2 1407 210 515 12
2 594 248 1731 148
2 162 227 1748 141
2 1255 116 793 160
2 435 150 1118 140
2 530 57 1232 212
2 934 206 1088 24
2 1148 109 1858 44
2 1412 170 1742 32
2 1182 16 954 48
2 82 123 1728 75
2 638 151 21 73
2 444 154 1888 240
2 1782 104 383 140
2 34 211 1549 140
2 178 207 1656 60
2 1020 39 1088 84
2 1673 22 65 239
2 1314 11 358 205
2 1079 59 409 148
2 1747 138 370 216
2 1555 59 908 200
2 779 185 357 76
2 1637 18 379 201
2 552 164 524 160
2 1421 16 1475 102
2 1950 12 1826 173
2 1895 231 112 94
2 190 18 805 46
2 150 225 583 213
2 324 111 1795 84
2 44 152 1885 160
2 59 84 356 164
2 215 228 1118 50
2 1115 74 62 9
2 1854 120 621 193
2 53 22 1615 154
2 1243 84 423 18
2 1303 123 412 80
2 223 68 784 57
2 1110 49 1330 182
2 1295 116 1649 133
2 636 187 1279 64
2 1829 224 976 67
2 173 208 160 54
2 970 26 691 5
2 1943 149 918 220
2 914 178 495 80
2 465 225 171 171
2 1416 135 787 229
2 835 188 474 89
2 1180 203 105 25
2 1265 187 534 30
2 49 254 318 180
2 351 107 1479 57
2 576 132 121 72
2 1690 37 1607 142
2 1381 107 1900 8
2 1891 98 1330 10
2 1486 10 831 127
2 638 85 1432 13
2 552 105 2 84
2 1633 119 922 111
2 802 26 369 156
2 1933 76 619 77
2 338 137 850 231
2 1619 79 406 125
2 940 194 1540 59
2 346 49 774 171
2 851 59 358 149
2 1914 45 182 181
2 1467 72 1733 110
2 239 66 368 252
2 1057 156 1304 79
2 1785 34 159 187
2 1274 179 1266 141
2 1887 1 1378 136
2 989 89 652 124
2 363 26 704 42
2 1870 202 1071 216
2 1834 155 564 146
2 527 104 774 126
2 342 9 1526 127
2 1641 103 1005 105
2 115 75 1383 251
2 272 83 353 214
2 26 238 1895 72
2 352 89 769 223
2 1833 230 1477 195
2 1896 67 1432 181
2 1722 64 421 247
2 1035 67 1236 25
2 56 97 677 3
2 676 225 113 161
2 1663 164 903 165
2 1074 13 1348 228
2 1207 104 1109 190
2 800 244 1893 49
2 364 186 760 175
2 848 212 1529 198
2 1195 69 1349 82
2 1047 104 1646 107
2 472 245 455 13
2 1566 232 1792 138
2 1781 99 1545 164
2 1205 203 408 194
2 981 184 668 221
2 1783 30 21 202
2 1164 111 1701 137
2 1630 53 1261 245
2 702 235 1040 233
2 387 241 20 152
2 755 237 1426 19
2 1614 4 128 194
2 869 212 1471 127
2 1618 169 1160 76
2 502 202 911 214
2 915 16 356 174
2 1138 66 1413 232
2 1285 91 1462 125
2 1471 55 1061 13
2 614 141 1790 219
2 351 234 1080 157
2 79 186 39 99
2 454 210 1629 173
2 118 53 1157 96
2 1638 47 1466 226
2 1909 42 63 166
2 1933 232 1453 73
2 1837 208 1437 242
2 744 216 423 153
2 501 123 1014 121
2 1359 8 334 103
2 1356 87 1756 203
2 1544 155 649 6
2 638 93 293 121
2 592 200 9 114
2 62 163 740 154
2 509 100 1480 92
2 583 235 1118 48
2 1544 200 1900 67
2 934 67 661 198
2 1179 218 958 107
2 487 131 767 23
2 1792 125 239 16
2 1703 117 1109 83
2 1184 38 29 161
2 1793 247 1250 229
2 527 200 49 56
2 1794 167 250 96
2 465 48 806 165
2 1108 30 1783 70
2 1602 136 133 13
2 1883 86 683 138
2 77 137 1281 42
2 1209 90 389 170
2 267 160 1197 208
2 1078 183 1165 121
2 1528 76 1686 116
2 1750 46 1260 74
2 763 230 736 150
2 1710 177 1416 31
2 478 195 509 107
2 414 85 1912 233
2 1783 82 1372 145
2 462 70 258 219
2 946 88 1532 114
2 1276 253 117 126
2 434 203 819 95
2 1955 221 470 106
2 1195 94 1478 185
2 177 253 1129 214
2 1175 172 1487 115
2 1184 221 1083 225
2 6 226 1757 88
2 1894 174 1133 191
2 84 97 1567 164
2 1692 88 995 93
2 1840 193 1898 97
2 456 105 107 11
2 1620 51 714 113
2 1573 153 932 54
2 1234 92 549 123
2 114 234 1367 201
2 1711 57 163 213
2 1260 206 1304 248
2 588 139 1608 177
2 745 27 1584 82
2 1472 45 832 132
2 650 205 1434 20
2 1045 150 560 61
2 43 53 493 118
2 246 236 452 166
2 87 77 1292 163
2 1468 202 1195 216
2 971 9 1582 190
2 383 141 328 94
2 1829 54 922 47
2 210 202 215 87
2 488 100 1244 203
2 158 52 749 123
2 1104 130 820 187
2 1132 72 1711 144
2 1465 212 491 185
2 115 45 674 22
2 1903 103 153 80
2 1647 165 660 244
2 394 195 758 75
2 397 149 1731 55
2 937 230 1041 8
2 831 36 925 145
2 1261 75 1225 144
2 929 39 689 210
2 980 10 351 16
2 346 77 993 36
2 1643 226 1442 6
2 1496 112 1592 105
2 1120 41 815 167
2 819 195 1412 60
2 28 168 362 62
2 1868 149 605 216
2 868 154 1239 121
2 1859 7 1533 129
2 1463 208 1371 193
2 88 160 797 167
2 1204 118 1811 36
2 1730 33 496 30
2 1808 75 1724 129
2 1181 1 846 153
2 1266 71 1407 3
2 1920 106 197 81
2 841 6 165 120
2 1335 89 1424 249
2 1883 246 1490 111
2 1303 135 616 23
2 8 3 27 63
2 285 125 1249 2
2 153 243 1159 229
2 1919 80 1064 245
2 1880 29 1626 97
2 289 15 407 82
2 1715 159 1504 7
2 754 169 1853 57
2 1048 204 558 219
2 179 66 883 248
2 842 169 1154 80
2 1035 159 668 124
2 281 35 314 203
2 1337 237 1627 48
2 1507 77 1206 253
2 1249 3 1829 175
2 120 187 1112 39
2 139 52 1406 86
2 1194 76 402 160
2 1108 166 780 31
2 67 152 648 47
2 1346 100 523 154
2 1440 213 1582 10
2 419 104 1723 138
2 412 63 790 53
2 1262 15 566 249
2 1320 140 1417 5
2 31 120 1383 228
2 330 134 1585 123
2 806 232 1409 211
2 154 73 1443 94
2 1291 247 1759 74
2 132 230 650 119
2 336 138 896 240
2 29 179 181 94
2 1887 113 1607 71
2 663 122 657 101
2 1011 163 1206 15
2 1484 137 691 185
2 1842 49 350 87
2 396 200 1501 97
2 599 222 1799 37
2 1024 212 897 129
2 1083 243 644 125
2 347 241 1036 173
2 1014 78 126 196
2 1754 151 1935 213
2 769 182 1638 118
2 795 196 155 29
2 1952 219 720 153
2 1163 208 204 233
2 895 60 135 44
2 185 239 1359 65
2 318 200 811 189
2 240 61 405 11
2 566 90 1757 244
2 1550 163 1335 228
2 1611 38 1812 108
2 848 93 1126 223
2 24 197 988 145
2 1439 111 558 175
2 97 191 1933 101
2 974 165 767 86
2 847 63 914 209
2 1825 71 560 176
2 790 94 1604 28
2 893 151 814 51
2 646 137 970 114
2 208 77 727 252
2 1526 67 1762 120
2 55 178 1024 200
2 296 124 1283 251
2 383 216 1808 198
2 948 45 1071 72
2 1380 49 245 99
2 5 95 987 163
2 1082 93 1532 18
2 736 225 891 14
2 946 150 1594 12
2 468 218 1458 203
2 1928 15 1393 113
2 300 113 1655 103
2 1955 132 768 206
2 1890 119 1659 192
2 1036 195 191 183
2 1306 30 646 146
2 1107 180 1763 41
2 791 13 1934 74
2 1076 23 706 165
2 1809 162 1339 77
2 586 208 1164 203
2 1669 129 1467 55
2 244 253 1587 48
2 680 186 1914 126
2 1077 211 908 223
2 1346 245 1193 146
2 640 164 253 40
2 94 249 624 119
2 677 183 1263 29
2 137 12 848 202
2 114 1 66 118
2 387 47 928 134
2 1122 21 1758 170
2 478 253 231 85
2 963 206 927 21
2 1673 179 1231 169
2 1856 122 523 25
2 377 198 1466 8
2 916 220 1444 157
2 1118 246 659 74
2 883 206 471 146
2 981 44 1508 252
2 1213 248 428 168
2 1463 218 1253 91
2 674 80 886 14
2 1918 46 576 235
2 1497 112 1316 241
2 944 62 1172 106
2 1195 30 1684 160
2 558 12 1208 28
2 35 175 468 225
2 935 67 104 113
2 1380 161 483 45
2 1669 241 990 214
2 1041 233 535 77
2 1065 91 465 72
2 1551 150 690 23
2 1255 94 887 71
2 117 149 1242 48
2 326 239 1081 213
2 1292 196 685 234
2 1676 85 126 131
2 1301 228 856 52
2 988 49 286 27
2 705 27 278 141
2 578 224 1053 107
2 1263 190 1306 235
2 822 34 1798 115
2 434 43 1884 11
2 713 188 1090 164
2 195 168 1354 236
2 241 21 627 168
2 1585 40 336 55
2 140 82 1010 135
2 173 129 1636 208
2 1453 70 923 54
2 1115 108 1861 21
2 943 237 362 139
2 1267 21 1797 77
2 11 210 1477 183
2 33 193 1764 167
2 297 165 724 48
2 292 52 1668 158
2 397 51 1856 152
2 14 42 1402 99
2 743 239 1788 16
2 1834 18 1285 212
2 1727 144 18 234
2 1896 126 951 113
2 844 204 571 242
2 236 223 394 235
2 1379 248 1746 125
2 183 2 1374 201
2 1776 26 955 181
2 940 77 1333 80
2 1337 245 686 172
2 1165 48 1161 15
2 1522 122 324 25
2 1443 148 526 40
2 1738 126 267 62
2 122 6 1895 25
2 743 66 339 179
2 1117 182 575 137
2 632 202 85 213
2 804 171 93 75
2 437 151 609 172
2 1885 59 68 214
2 1928 31 816 208
2 1794 78 1845 118
2 1345 49 1247 70
2 1604 245 936 4
2 1474 84 155 110
2 131 162 1909 229
2 71 59 1493 228
2 119 168 26 105
2 638 174 495 61
2 1400 167 1905 127
2 1662 138 1610 177
2 1918 88 450 45
2 128 47 164 72
2 976 101 975 220
2 251 208 1045 167
2 1391 218 1712 157
2 262 172 1017 174
2 877 120 1892 136
2 1432 232 1371 157
2 1373 67 1835 154
2 993 35 1214 95
2 1677 158 541 114
2 1787 23 816 161
2 893 190 1896 139
2 555 7 773 41
2 1826 213 1454 85
2 1882 138 717 64
2 1928 95 1515 180
2 1215 129 1905 201
2 321 91 1215 71
2 1449 161 912 189
2 746 242 1338 171
2 1470 137 2 106
2 1294 152 603 65
2 629 6 922 2
2 850 200 1735 124
2 1520 196 995 17
2 1454 86 812 52
2 646 252 681 142
2 512 220 404 3
2 1097 66 410 6
2 450 251 1079 77
2 1039 242 1378 155
2 1353 40 648 26
2 357 42 1925 210
2 120 5 1415 154
2 539 204 1243 156
2 1479 237 1457 157
2 1339 61 1900 10
2 337 90 1682 55
2 1396 151 577 248
2 206 76 1924 250
2 1575 63 1561 106
2 738 115 169 203
2 374 98 234 203
2 86 68 50 125
2 102 175 1511 7
2 1765 163 578 121
2 966 35 1521 126
2 1011 83 146 76
2 1430 28 118 73
2 1729 168 976 128
2 399 101 1222 78
2 719 209 1097 43
2 653 168 908 233
2 546 190 177 10
2 785 37 1024 43
2 1450 229 902 160
2 1613 246 1692 148
2 1651 65 1421 206
2 45 209 1246 148
2 1204 78 444 122
2 1388 87 482 114
2 1279 86 1370 228
2 1644 210 700 204
2 294 117 1079 50
2 901 245 812 53
2 78 253 53 213
2 554 61 623 69
2 1352 210 1078 146
2 214 39 1470 78
2 1663 126 1745 54
2 326 134 979 222
2 261 152 43 141
2 16 137 1869 128
2 1111 56 295 9
2 1087 17 263 136
2 323 153 32 230
2 415 54 1947 182
2 997 190 195 35
2 1367 217 1178 13
2 316 154 260 67
2 282 39 1106 165
2 560 172 1490 168
2 750 7 560 147
2 1710 148 494 155
2 377 216 1919 217
2 1639 127 579 145
2 1602 238 1413 95
2 330 107 1624 38
2 170 201 1464 124
2 351 247 436 25
2 1401 240 344 116
2 292 54 49 213
2 1182 233 1894 203
2 1668 59 9 174
2 343 145 1210 194
2 615 215 190 127
2 1819 186 1298 155
2 1732 50 1913 49
2 127 15 1579 92
2 626 177 267 98
2 222 34 1918 43
2 1533 176 873 247
2 611 169 1049 225
2 1453 115 1747 193
2 1163 87 274 207
2 1548 102 533 190
2 1328 241 1443 180
2 1326 19 1305 77
2 444 62 1919 19
2 620 49 1075 21
2 1938 37 1724 205
2 283 100 1676 60
2 1842 150 322 187
2 1364 130 553 87
2 1262 213 1689 244
2 493 37 387 158
2 1955 163 861 111
2 1422 167 600 224
2 710 14 905 4
2 542 212 1620 16
2 60 249 875 81
2 1329 206 928 227
2 1125 180 1866 178
2 1497 186 1567 64
2 1213 82 504 90
2 1906 142 186 142
2 729 115 1141 253
2 1619 224 1660 204
2 358 145 394 59
2 903 234 373 179
2 1924 123 969 153
2 970 212 758 250
2 1185 148 1589 11
2 1560 178 181 160
2 158 211 1440 207
2 1088 36 1877 211
2 517 47 1628 154
2 956 249 261 4
2 1019 158 1653 94
2 937 223 40 103
2 473 241 652 177
2 958 78 1848 247
2 1067 201 1102 208
2 823 52 987 129
2 1030 61 1026 198
2 481 103 860 59
2 1271 198 87 251
2 516 66 1330 26
2 1108 45 413 195
2 1250 193 1433 217
2 559 163 1652 108
2 65 87 1292 33
2 161 97 1323 56
2 1303 221 691 40
2 685 185 1064 90
2 1343 98 1894 206
2 252 186 1347 236
2 868 73 1576 36
2 1570 201 138 108
2 113 182 1658 217
2 1460 226 1273 73
2 1428 176 1098 208
2 515 175 1684 218
2 627 201 757 183
2 1126 29 1102 11
2 845 62 837 195
2 980 42 899 22
2 1707 188 1191 17
2 172 3 1266 141
2 661 254 122 131
2 1695 185 1305 128
2 781 27 587 172
2 1460 247 5 160
2 115 213 361 185
2 1648 6 1053 118
2 1279 137 1542 120
2 1046 16 1234 16
2 1077 33 719 136
2 1342 164 1914 114
2 329 215 675 114
2 642 146 866 248
2 596 231 1038 10
2 37 42 602 56
2 1676 71 700 55
2 1598 135 453 151
2 1764 69 666 205
2 432 204 750 152
2 1737 233 1390 223
2 1112 123 916 125
2 1839 178 1607 14
2 711 1 1883 88
2 302 166 1595 86
2 1431 75 1487 97
2 707 117 1902 220
2 415 146 73 123
2 965 12 509 193
2 921 151 1201 179
2 1654 192 152 10
2 602 33 47 134
2 1928 71 1413 79
2 115 19 357 126
2 1837 188 708 59
2 788 2 280 52
2 912 17 32 87
2 1838 152 789 155
2 1340 160 1860 109
2 55 44 1371 13
2 594 133 1642 17
2 1436 35 715 26
2 427 68 322 222
2 1528 62 363 195
2 1182 55 450 117
2 868 96 174 116
2 1454 241 1852 129
2 1149 179 1250 157
2 1824 10 1121 193
2 855 49 1717 40
2 691 124 1743 213
2 295 19 198 20
2 1297 241 1901 138
2 776 45 278 162
2 757 247 815 246
2 896 48 1741 35
2 1874 247 1295 68
2 4 86 964 130
2 486 137 63 169
2 839 26 1465 156
2 1806 230 1476 125
2 785 136 1818 224
2 774 111 1734 103
2 1419 27 987 151
2 860 218 632 73
2 1707 171 1090 186
2 123 177 584 124
2 174 143 1126 156
2 1201 241 611 217
2 1917 6 70 102
2 1049 95 1830 201
2 188 206 1671 117
2 992 53 336 243
2 1249 16 1113 134
2 1626 30 578 206
2 288 32 71 254
2 184 126 375 99
2 1425 141 967 244
2 743 85 170 208
2 1405 139 819 55
2 724 12 1850 31
2 337 79 136 114
2 639 197 25 188
2 969 205 64 118
2 223 7 1542 248
2 80 214 1800 110
2 1110 134 1853 184
2 851 144 1276 23
2 1060 243 897 151
2 1197 83 705 118
2 1937 150 1869 185
2 978 90 1763 235
2 1495 61 1466 249
2 321 196 167 134
2 123 51 287 86
2 1587 176 1770 241
2 438 236 955 98
2 532 155 873 13
2 981 37 296 121
2 1121 119 1387 112
2 1837 199 375 82
2 1195 199 431 194
2 1455 254 581 173
2 1389 202 1389 250
2 507 102 1412 100
2 1127 157 844 34
2 1815 234 171 185
2 1240 51 465 131
2 1304 113 928 81
2 973 89 1524 177
2 1366 179 1758 159
2 1476 134 925 82
2 176 249 698 7
2 1792 21 1860 191
2 1037 121 1335 26
2 1404 4 1703 50
2 1190 235 1122 101
2 1301 18 372 183
2 758 219 1515 232
2 363 98 1618 194
2 1555 143 800 246
2 965 144 1122 164
2 1815 116 193 76
2 1017 104 1810 112
2 504 202 381 196
2 1560 103 358 140
2 746 171 1425 205
2 919 197 616 165
2 194 167 289 254
2 1250 151 42 64
2 1183 98 508 237
2 96 68 1825 238
2 1123 124 274 101
2 913 209 460 55
2 1075 197 269 152
2 680 45 670 163
2 87 38 1714 97
2 3 90 138 183
2 1746 81 1603 139
2 605 207 1696 35
2 1536 78 217 167
2 904 116 998 35
2 1465 63 304 220
2 1029 191 1919 222
2 876 118 681 163
2 251 219 1255 106
2 954 166 1856 129
2 1762 251 833 218
2 1753 9 798 108
2 1475 49 1260 8
2 376 187 283 106
2 304 148 1002 98
2 1536 196 1711 141
2 1016 207 1220 12
2 977 150 1904 52
2 1889 37 835 42
2 533 83 1187 120
2 615 11 1934 41
2 1357 207 1348 108
2 1101 194 1596 80
2 650 52 1924 192
2 1674 73 26 63
2 1943 181 822 174
2 737 159 981 72
2 1337 4 592 249
2 1815 186 1036 188
2 1256 85 1815 244
2 1381 73 1752 53
2 1771 252 857 208
2 1193 77 923 237
2 517 165 222 84
2 901 253 906 174
2 1388 155 17 50
2 735 100 1912 155
2 687 7 1802 144
2 477 108 882 163
2 121 210 865 142
2 1712 65 1723 125
2 66 182 1422 252
2 331 54 685 142
2 1882 157 211 146
2 1727 125 62 109
2 1952 22 427 92
2 1338 3 1214 35
2 1517 4 798 116
2 163 116 882 158
2 1852 107 1401 252
2 1475 241 1373 1
2 1043 228 1412 150
2 201 146 1567 61
2 565 219 1923 218
2 495 124 352 72
2 749 102 1305 42
2 1113 47 307 218
2 282 213 35 142
2 1508 140 493 248
2 1805 50 37 252
2 1342 226 1449 112
2 1439 178 1550 206
2 1526 149 1758 212
2 616 43 221 199
2 677 214 243 107
2 1646 162 1897 254
2 138 211 692 93
2 510 200 1042 36
2 270 63 772 150
2 1738 246 187 33
2 1887 24 1340 151
2 988 135 1615 104
2 1605 235 1387 226
2 597 155 452 94
2 342 108 1895 14
2 1169 201 1255 137
2 1471 106 28 53
2 127 17 329 124
2 375 147 1208 221
2 1669 130 656 9
2 129 209 1432 213
2 1376 157 1086 219
2 1436 171 61 74
2 588 99 568 19
2 1909 222 198 123
2 1474 129 530 41
2 1240 11 342 101
2 1374 185 1601 228
2 487 79 334 250
2 324 130 1668 201
2 387 8 1800 202
2 1091 34 814 69
2 281 113 378 143
2 150 71 1132 24
2 521 190 1499 90
2 1489 147 947 208
2 1718 226 567 61
2 1889 106 600 105
2 1568 164 1412 130
2 1189 175 1438 208
2 1611 193 1552 18
2 1646 234 1683 182
2 1197 73 1545 8
2 360 108 227 246
2 1265 115 981 246
2 1582 28 1526 177
2 296 15 870 113
2 719 152 1825 8
2 940 158 731 146
2 951 210 222 70
2 1161 29 636 82
2 1599 67 1867 155
2 500 29 638 111
2 1771 210 1744 151
2 441 35 1699 193
2 98 50 327 169
2 1365 59 618 24
2 1575 105 1548 178
2 238 6 273 5
2 111 59 456 227
2 1714 99 1769 245
2 1664 96 1627 249
2 1058 165 1730 56
2 1868 132 586 217
2 1304 85 83 186
2 1838 62 284 246
2 1199 86 837 89
2 1377 178 1187 180
2 1147 23 370 1
2 1854 108 1698 189
2 1783 194 1421 137
2 817 239 1321 67
2 1444 44 961 162
2 1053 156 518 231
2 155 62 1242 226
2 1684 48 975 30
2 1630 231 807 215
2 1768 182 266 205
2 1820 224 122 163
2 1333 194 1632 232
2 1493 141 957 9
2 225 23 175 240
2 612 93 1191 57
2 1269 151 715 62
2 997 78 426 107
2 1678 224 617 210
2 882 205 694 160
2 1729 242 735 85
2 1661 189 124 46
2 1407 143 1455 201
2 261 5 655 194
2 99 90 280 251
2 1122 171 372 100
2 75 141 549 112
2 897 108 1640 68
2 823 126 1407 246
2 447 34 823 216
2 1140 63 775 216
2 65 190 1239 247
2 261 172 871 241
2 1042 252 957 80
2 57 95 1644 183
2 1857 110 1503 154
2 1240 40 1325 167
2 1289 48 1390 184
2 1310 192 498 226
2 948 235 915 80
2 1181 15 1278 216
2 402 171 495 226
2 1441 7 275 102
2 1742 57 913 89
2 597 172 382 201
2 813 155 337 81
2 46 22 1089 34
2 1405 162 1098 141
2 269 160 1430 163
2 972 235 1062 49
2 1238 164 1916 132
2 1268 46 323 117
2 1308 189 1912 202
2 938 200 50 222
2 950 217 1015 46
2 1497 127 1595 136
2 1422 41 797 249
2 839 173 566 43
2 20 162 210 45
2 775 53 1319 242
2 1772 168 958 133
2 1249 200 1010 77
2 636 172 1234 64
2 79 146 1259 60
2 1861 10 1760 84
2 75 97 328 242
2 1831 95 520 192
2 376 120 1335 97
2 1629 199 900 241
2 471 65 1013 135
2 745 78 1889 79
2 1036 225 655 97
2 1899 188 930 248
2 741 77 460 213
2 483 105 225 200
2 1786 76 1957 153
2 1272 26 1783 214
2 1260 154 1580 34
2 225 235 116 233
2 516 54 1873 12
2 1497 78 109 162
2 1107 98 1101 121
2 81 135 424 63
2 929 100 1235 76
2 1698 232 330 46
2 190 91 923 198
2 1402 194 1158 65
2 1353 192 87 215
2 760 17 1642 67
2 618 163 1232 164
2 616 58 1337 169
2 377 247 102 88
2 1597 209 1194 93
2 1002 12 731 176
2 994 83 950 192
2 1658 205 353 26
2 1211 127 1437 1
2 341 16 330 204
2 1651 107 276 130
2 145 221 1310 218
2 684 14 82 72
2 1439 29 1471 183
2 1178 102 789 188
2 1157 104 1150 23
2 1553 176 1260 235
2 1935 23 1622 112
2 1693 58 818 191
2 141 118 1472 179
2 1084 10 448 230
2 507 96 95 251
2 990 122 1737 27
2 1635 142 1517 60
2 1559 124 1613 131
2 709 139 1484 6
2 1758 35 813 53
2 1758 94 382 183
2 371 233 556 28
2 1951 45 1619 83
2 364 214 1565 54
2 651 161 1137 207
2 516 84 1710 47
2 133 237 1208 246
2 1001 205 1742 138
2 798 198 723 48
2 406 143 1663 248
2 1457 75 94 19
2 957 8 485 186
2 1836 243 650 147
2 1060 47 335 8
2 1358 211 588 140
2 1690 68 443 53
2 1172 107 651 151
2 1057 31 1752 242
2 1804 92 1251 91
2 1525 186 916 197
2 93 109 1563 248
2 1524 17 1297 73
2 476 113 1333 16
2 342 135 619 204
2 1838 209 56 187
2 1098 182 1074 251
2 266 107 1429 45
2 1218 17 1885 95
2 788 140 1314 249
2 419 253 639 2
2 1114 100 1305 106
2 845 166 464 213
2 907 92 1755 118
2 832 184 1309 189
2 16 130 838 155
2 575 62 685 225
2 1028 220 928 92
2 1944 211 885 141
2 424 193 1313 19
2 350 248 511 50
2 1881 107 1564 152
2 1270 233 186 85
2 898 85 209 33
2 1158 153 1956 76
2 1090 93 296 143
2 276 251 1595 242
2 119 178 1653 190
2 132 146 1534 63
2 239 123 59 244
2 193 136 423 98
2 1728 114 1433 234
2 1361 42 549 188
2 103 137 908 178
2 897 9 1613 185
2 31 5 817 7
2 1307 9 1609 196
2 307 48 1851 169
2 1315 28 1900 94
2 271 1 750 102
2 283 113 984 49
2 602 175 1807 175
2 472 121 1798 184
2 1702 249 207 16
2 1066 52 594 58
2 361 103 13 239
2 246 143 743 157
2 1517 92 1691 139
2 1055 130 1526 90
2 1094 106 945 224
2 871 189 87 86
2 1375 91 1496 124
2 1153 4 1099 119
2 208 92 1309 76
2 452 205 491 119
2 1317 12 936 154
2 1315 21 539 250
2 1310 129 1243 64
2 1526 156 1352 85
2 955 135 728 141
2 910 63 814 56
2 1232 149 378 73
2 1512 195 1404 199
2 756 113 1835 84
2 1905 81 1624 237
2 662 126 1641 35
2 1722 54 1235 213
2 451 177 360 22
2 1364 206 216 141
2 1688 63 1574 47
2 40 62 1902 12
2 1154 46 706 139
2 1069 112 750 25
2 1080 99 134 8
2 530 237 230 247
2 1807 220 1749 4
2 470 52 116 136
2 779 123 524 228
2 46 166 65 155
2 1797 149 1555 106
2 336 72 1761 213
2 915 7 499 116
2 1931 194 1336 194
2 755 89 1539 179
2 994 27 705 85
2 774 234 1293 50
2 1174 15 944 188
2 1175 186 357 69
2 1387 58 417 38
2 1088 176 210 155
2 741 28 659 30
2 814 136 923 15
2 1139 169 81 228
2 1472 38 794 244
2 258 18 1570 251
2 370 225 1019 44
2 473 185 888 176
2 432 195 80 247
2 1424 75 1933 241
2 1818 13 267 205
2 1786 3 512 51
2 1839 181 1400 205
2 1197 81 1117 95
2 1184 214 197 246
2 70 133 1157 73
2 1113 239 591 120
2 118 100 539 50
2 575 175 307 200
2 1704 123 1891 41
2 963 239 283 97
2 1827 232 1565 166
2 1795 165 777 62
2 1940 132 840 140
2 1501 14 1279 77
2 1492 71 942 198
2 733 83 664 240
2 1720 211 21 154
2 311 129 1267 160
2 897 147 1391 49
2 558 195 109 151
2 1055 183 411 12
2 301 176 1071 191
2 1513 204 130 67
2 5 245 1051 227
2 696 227 1217 28
2 907 14 1571 1
2 1189 24 707 153
2 665 140 956 191
2 1033 13 1459 129
2 528 252 1620 140
2 1520 139 138 145
2 1348 99 1126 98
2 1490 49 842 48
2 1250 152 1781 211
2 501 85 442 200
2 85 121 606 82
2 1200 136 933 195
2 1473 40 964 93
2 1880 166 389 247
2 69 98 985 69
2 781 49 302 19
2 335 111 1233 40
2 836 227 36 172
2 1389 30 16 172
2 951 54 1538 135
2 1524 89 914 171
2 582 37 985 90
2 302 83 1846 52
2 1162 220 55 101
2 245 244 1542 235
2 319 57 1289 14
2 1059 161 925 28
2 308 180 1456 193
2 501 232 305 86
2 1711 205 442 90
2 1176 90 796 221
2 350 116 659 113
2 423 114 490 176
2 1512 93 11 222
2 1151 18 650 225
2 1110 1 1391 40
2 942 98 952 228
2 866 14 1596 40
2 1605 17 1132 228
2 165 228 1501 150
2 1684 65 143 111
2 1073 103 826 80
2 1930 229 1913 169
2 1929 211 906 9
2 1060 92 389 157
2 392 108 23 144
2 529 27 666 87
2 88 79 1704 154
2 325 250 984 151
2 1398 68 382 242
2 111 46 3 27
2 609 238 1643 240
2 1494 55 228 64
2 1912 240 745 154
2 135 75 248 135
2 347 47 1688 15
2 508 7 727 21
2 1846 113 1155 92
2 1809 164 663 235
2 1881 5 217 53
2 1690 244 1365 26
2 930 29 1945 141
2 614 39 707 217
2 803 70 754 151
2 1573 216 1094 113
2 1827 74 745 192
2 335 207 1448 11
2 1416 89 1258 197
2 333 229 1907 146
2 1403 155 1854 34
2 141 79 1151 45
2 1007 140 14 121
2 1204 168 779 135
2 791 33 44 73
2 867 170 212 170
2 1466 148 1376 97
2 1769 44 1348 178
2 292 221 1776 212
2 1885 236 1269 45
2 251 128 1049 246
2 1390 140 844 74
2 1422 197 526 13
2 471 203 710 169
2 372 203 246 196
2 658 114 1039 144
2 1244 96 719 48
2 1513 81 962 46
2 693 113 13 56
2 855 33 1261 41
2 316 160 1413 233
2 601 54 1768 43
2 1928 2 1402 149
2 1444 103 443 5
2 1816 102 1913 165
2 1865 168 889 14
2 852 85 1615 130
2 292 162 1779 92
2 868 19 1614 230
2 226 111 1732 76
2 1149 233 1112 149
2 266 148 276 1
2 575 5 973 94
2 1742 245 495 186
2 109 175 1314 128
2 1791 254 1042 55
2 940 121 1029 122
2 6 198 402 172
2 321 25 183 105
2 1554 110 725 37
2 1882 127 522 13
2 1177 161 1226 219
2 616 30 1367 90
2 644 192 814 237
2 949 216 1740 203
2 1862 97 1354 171
2 1049 169 425 175
2 967 43 1538 241
2 1527 139 1442 99
2 1709 49 323 65
2 503 144 1921 242
2 299 118 1617 39
2 1419 132 1541 178
2 1789 195 1910 134
2 309 207 1525 25
2 1728 69 815 161
2 1155 196 564 194
2 157 243 1670 34
2 1817 87 1938 162
2 763 253 588 45
2 883 244 1134 45
2 338 134 197 106
2 402 51 1954 106
2 1863 223 39 137
2 551 244 683 248
2 1577 11 1904 229
2 1033 48 1292 86
2 718 195 1427 159
2 1558 21 385 134
2 1445 183 1368 237
2 1527 112 319 37
2 242 57 1595 201
2 1009 42 547 148
2 311 238 34 207
2 1799 135 1918 75
2 1103 188 1866 18
2 1553 235 702 187
2 223 136 340 17
2 1868 109 1565 160
2 1170 92 1861 85
2 17 204 382 5
2 258 203 1500 228
2 247 132 376 229
2 1022 215 1269 167
2 317 62 1801 96
2 372 89 1580 227
2 1039 112 1038 183
2 1069 201 469 232
2 440 52 1728 81
2 948 90 790 134
2 1300 1 519 59
2 770 11 1271 98
2 236 247 614 3
2 15 210 407 36
2 111 35 1291 33
2 1326 147 1113 80
2 1336 65 37 174
2 1860 93 927 228
2 942 114 848 135
2 1335 40 39 9
2 1417 115 61 41
2 1830 107 876 220
2 824 47 1313 199
2 1714 143 673 92
2 787 92 76 107
2 1202 129 641 164
2 929 155 1446 199
2 787 127 1409 183
2 129 176 1877 242
2 541 162 987 168
2 122 193 1166 149
2 1774 130 159 134
2 141 70 218 173
2 829 105 872 212
2 1879 199 572 25
2 375 126 747 99
2 1894 80 1758 239
2 1635 192 924 60
2 1284 172 1312 165
2 486 51 1246 196
2 1233 189 1216 20
2 1125 177 1908 156
2 615 26 612 169
2 1187 195 1480 45
2 1123 216 1831 173
2 390 129 1636 46
2 1843 53 293 32
2 219 228 1937 148
2 1737 49 1004 181
2 941 205 1606 12
2 1940 215 883 133
2 56 145 1458 159
2 1509 50 1490 128
2 339 14 843 48
2 1514 215 1212 179
2 993 161 858 96
2 62 14 102 18
2 657 98 1254 80
2 321 7 1817 168
2 1557 229 1918 18
2 1614 102 1345 120
2 1523 35 1010 222
2 1569 249 1759 16
2 1076 1 1826 250
2 1530 35 748 11
2 385 195 1894 73
2 245 196 345 216
2 1515 159 403 17
2 312 118 580 174
2 1705 6 1564 8
2 1163 245 628 165
2 517 114 1908 15
2 1212 121 633 141
2 1184 14 1716 206
2 129 20 1344 95
2 471 117 1485 172
2 530 112 1579 132
2 1680 231 758 243
2 181 164 1696 243
2 179 145 747 225
2 918 152 1000 213
2 418 153 420 21
2 614 167 1296 226
2 455 183 1759 181
2 1752 94 1662 216
2 1379 122 1637 53
2 313 160 164 68
2 1850 153 1538 95
2 1880 93 1689 107
2 1308 253 507 216
2 1897 90 1212 182
2 78 203 223 85
2 823 241 1131 188
2 815 205 1407 192
2 1068 141 1074 239
2 1046 178 1500 12
2 208 92 1622 159
2 1791 141 977 108
2 257 194 51 211
2 370 121 1771 97
2 1659 80 1449 196
2 102 145 1572 65
2 709 154 905 51
2 233 82 221 16
2 850 175 271 150
2 927 41 1263 21
2 1847 94 748 44
2 1417 154 1330 152
2 275 95 136 54
2 522 74 1406 165
2 258 184 964 136
2 303 140 1936 33
2 1254 184 1867 19
2 1236 11 1380 198
2 194 178 1040 152
2 244 116 529 53
2 1505 252 900 37
2 635 205 250 122
2 422 19 867 230
2 1325 14 282 15
2 70 253 337 29
2 1049 164 1887 14
2 73 76 66 43
2 123 159 1251 87
2 553 86 1640 11
2 1659 176 143 187
2 1941 119 49 74
2 479 72 1753 1
2 1079 40 1875 215
2 1710 237 605 117
2 357 31 494 207
2 1206 178 1208 183
2 486 208 1729 131
2 1147 109 310 42
2 140 209 1421 187
2 1184 60 460 156
2 1714 118 1613 84
2 798 136 1821 211
2 1137 33 423 218
2 239 248 766 209
2 74 176 1471 146
2 772 52 779 187
2 1158 136 1190 235
2 840 242 1047 178
2 1448 155 318 1
2 1294 183 1243 249
2 1554 63 345 221
2 1322 211 773 249
2 760 148 79 32
2 1425 147 1790 102
2 1672 198 1613 194
2 1286 196 206 164
2 1502 109 1907 92
2 1390 69 1023 156
2 244 41 994 155
2 927 230 1441 34
2 114 151 313 109
2 483 102 1380 85
2 899 251 746 193
2 784 97 217 185
2 1789 159 1594 20
2 246 129 1270 212
2 776 173 1866 126
2 1125 113 246 99
2 176 193 1541 244
2 560 36 642 116
2 645 78 30 87
2 1427 146 1102 211
2 1350 178 1658 3
2 1379 75 1257 175
2 947 101 873 91
2 1468 58 263 128
2 1444 165 1465 111
2 1716 127 1815 182
2 719 8 1173 106
2 1340 157 1867 230
2 197 228 472 1
2 860 231 1164 26
2 477 91 827 146
2 797 68 111 106
2 211 182 1317 248
2 1631 228 984 137
2 535 11 791 142
2 739 46 1681 166
2 111 190 507 51
2 1005 238 1943 157
2 1730 233 82 143
2 994 188 159 121
2 985 154 46 217
2 73 97 626 231
2 530 243 421 76
2 1450 158 1751 10
2 664 222 1713 72
2 1401 201 1578 64
2 141 172 555 236
2 826 242 152 95
2 1160 145 1118 228
2 622 42 1750 3
2 1516 71 471 157
2 1511 9 1396 197
2 101 168 499 124
2 923 152 252 229
2 1061 56 1378 215
2 34 64 197 205
2 1892 28 521 165
2 1889 49 1154 90
2 511 24 322 57
2 655 136 1911 71
2 1728 44 171 241
2 1258 253 1919 220
2 976 96 1855 166
2 610 216 587 156
2 928 112 652 159
2 9 78 104 64
2 784 138 1225 28
2 607 214 596 235
2 1673 138 600 94
2 408 7 1652 29
2 1021 151 1474 128
2 592 210 1272 80
2 1224 23 591 64
2 1266 83 468 170
2 161 16 368 79
2 1359 81 1425 70
2 1502 138 1365 224
2 1701 191 413 11
2 1137 83 1436 51
2 592 192 1434 7
2 73 147 1373 211
2 1144 121 1644 204
2 54 148 1534 111
2 624 231 404 98
2 1492 93 630 83
2 85 145 1315 207
2 1511 172 934 62
2 242 113 1408 194
2 1554 23 925 131
2 176 200 1236 68
2 1933 152 1580 82
2 1624 29 510 121
2 47 67 1512 36
2 58 73 836 209
2 1227 253 1199 157
2 1061 209 581 18
2 1848 206 996 52
2 174 117 1456 143
2 935 119 1344 42
2 721 231 1939 202
2 1935 208 86 59
2 1009 254 1049 9
2 30 32 890 188
2 1798 100 1680 173
2 109 50 258 160
2 1905 246 1537 36
2 952 130 916 146
2 1400 151 1276 169
2 1531 127 972 68
2 1506 237 146 234
2 1687 59 924 226
2 1417 139 1498 17
2 1715 47 609 252
2 1684 41 1149 32
2 1444 5 1895 33
2 1147 239 51 200
2 31 191 1824 164
2 869 34 1817 8
2 1955 232 1302 134
2 779 235 1798 251
2 1550 36 1520 138
2 787 146 723 39
2 1215 90 1757 77
2 884 119 248 33
2 58 134 627 192
2 178 245 690 178
2 1647 153 1326 207
2 639 56 343 252
2 1218 199 1254 114
2 1059 213 1261 45
2 1878 178 803 86
2 1176 153 298 84
2 962 251 1911 232
2 364 95 460 21
2 151 100 1923 127
2 753 14 701 228
2 1320 101 1348 178
2 288 134 43 228
2 1814 246 1948 191
2 65 166 1498 145
2 1822 185 1753 120
2 951 167 764 101
2 1762 78 991 206
2 834 208 1730 99
2 19 17 580 236
2 202 192 113 51
2 1318 238 1951 185
2 1268 34 118 167
2 928 228 633 40
2 851 61 896 176
2 1151 213 44 188
2 689 211 1816 134
2 955 136 853 144
2 1136 117 1494 219
2 280 54 112 106
2 585 82 534 88
2 1040 102 1890 4
2 1481 161 48 139
2 1539 132 1806 86
2 819 241 1089 90
2 248 243 1394 143
2 1646 166 818 32
2 1275 113 1666 154
2 985 13 555 145
2 1171 247 872 92
2 786 12 1641 27
2 1025 124 1756 7
2 191 55 1721 225
2 1696 121 1573 109
2 805 65 730 180
2 839 142 117 66
2 708 191 379 62
2 19 140 87 189
2 1483 69 132 194
2 1732 85 89 157
2 1069 185 469 35
2 731 59 1576 99
2 339 84 1264 42
2 900 154 1250 42
2 1655 100 1402 15
2 1637 74 1185 173
2 25 112 1392 14
2 644 177 567 185
2 635 119 1629 67
2 1331 57 368 112
2 59 114 1771 165
2 882 102 1583 145
2 906 235 1335 170
2 433 15 1487 68
2 202 19 1719 58
2 860 20 1191 190
2 1136 237 1171 26
2 411 195 1052 212
2 801 114 1017 33
2 926 137 1489 96
2 951 127 1931 195
2 588 220 608 7
2 1563 205 1481 8
2 62 237 773 74
2 955 249 570 28
2 1820 200 1564 211
2 552 135 127 85
2 1949 224 393 176
2 377 6 400 102
2 1526 55 1539 169
2 1688 3 872 230
2 746 183 332 149
2 1019 217 160 15
2 895 227 1291 188
2 1191 233 1293 195
2 1718 31 1060 198
2 367 18 434 42
2 1596 190 1670 240
2 1738 179 137 218
2 1838 124 888 5
2 200 36 1295 96
2 1515 248 1925 71
2 826 170 1611 73
2 553 195 985 99
2 1650 15 1376 45
2 959 38 1957 152
2 1657 65 1339 74
2 1063 247 1405 9
2 573 86 773 192
2 974 215 352 72
2 772 122 143 177
2 659 64 1061 170
2 1209 62 171 178
2 596 228 343 16
2 970 176 141 126
2 1498 13 468 212
2 647 43 1131 17
2 247 205 505 211
2 421 208 651 211
2 106 106 870 219
2 1919 136 1947 81
2 1567 103 1738 41
2 559 195 1070 63
2 553 66 1059 102
2 1166 42 1034 229
2 1716 134 1673 56
2 1576 167 909 73
2 227 70 463 58
2 1938 186 1504 75
2 1020 51 31 247
2 948 8 1526 228
2 462 206 957 166
2 1736 114 401 35
2 994 253 447 9
2 1744 225 1764 182
2 1755 37 1348 62
2 419 12 1842 205
2 536 114 1763 246
2 460 205 998 29
2 1470 10 761 120
2 843 171 1147 218
2 1651 187 654 165
2 656 61 1803 46
2 1481 33 1701 250
2 676 208 9 110
2 273 38 1491 81
2 1347 63 1355 182
2 1611 114 788 16
2 948 161 1688 28
2 167 182 449 198
2 1155 6 981 193
2 1839 92 1765 208
2 1817 79 19 203
2 153 238 1318 43
2 932 17 1795 174
2 675 186 1566 156
2 445 179 1667 87
2 1444 198 1704 83
2 706 18 543 62
2 1831 31 1779 238
2 1520 241 23 249
2 272 49 959 148
2 1837 69 977 49
2 1513 80 1398 132
2 870 80 1459 30
2 124 16 1211 171
2 771 37 1476 96
2 468 217 1826 179
2 1436 75 1552 92
2 300 75 596 115
2 360 155 216 96
2 48 68 303 24
2 138 160 572 170
2 15 183 157 176
2 1622 169 1249 171
2 1162 246 141 66
2 1323 76 943 237
2 1926 215 943 180
2 1560 4 1909 28
2 709 28 1859 55
2 257 80 1567 127
2 1769 141 1873 230
2 487 35 880 62
2 497 18 1465 189
2 642 76 1014 7
2 699 35 952 153
2 1311 165 1876 195
2 970 77 1205 219
2 1713 230 197 57
2 418 24 152 140
2 602 218 653 251
2 292 228 921 204
2 800 99 113 44
2 609 101 237 31
2 1274 32 1658 101
2 396 157 648 245
2 553 38 1645 103
2 999 225 1513 234
2 1944 76 928 162
2 1588 215 1955 50
2 846 240 952 46
2 1486 189 831 251
2 1167 25 1316 99
2 219 129 391 29
2 581 153 101 22
2 966 147 1901 87
2 979 12 967 143
2 1803 161 1463 170
2 227 80 708 225
2 1515 77 1877 58
2 1939 47 89 62
2 617 142 297 27
2 1745 200 1569 88
2 1950 66 537 6
2 582 87 494 50
2 1441 166 487 66
2 1193 195 1086 194
2 788 187 1655 147
2 1771 151 1536 100
2 1632 192 1301 168
2 1464 226 1069 7
2 49 196 754 82
2 1405 135 1673 21
2 93 109 757 248
2 1815 9 801 150
2 291 220 1238 171
2 365 181 1491 97
2 151 201 1810 47
2 240 137 934 104
2 1774 146 225 166
2 1570 184 823 175
2 40 189 812 159
2 729 118 1211 119
2 907 200 583 193
2 330 159 944 214
2 1328 63 1068 199
2 527 79 1092 136
2 129 160 1259 203
2 1022 98 949 50
2 193 78 54 190
2 311 57 283 32
2 441 111 1813 141
2 425 16 1115 193
2 629 89 586 200
2 682 170 566 221
2 1856 193 116 81
2 745 8 914 28
2 378 19 1427 17
2 514 217 1109 44
2 1288 144 1189 204
2 1341 221 14 252
2 1697 46 1159 240
2 1455 123 1578 132
2 1756 174 1239 117
2 1471 201 973 210
2 1838 6 145 22
2 1211 147 934 157
2 1509 80 1316 232
2 796 44 327 131
2 18 123 947 211
2 1519 17 913 137
2 1323 149 785 224
2 1580 189 1417 223
2 49 119 1378 204
2 267 127 1855 9
2 288 63 511 19
2 904 43 1337 28
2 230 164 746 216
2 303 168 674 166
2 765 128 234 190
2 1069 183 1660 59
2 542 207 1861 211
2 678 51 205 136
2 390 140 519 224
2 1020 229 969 19
2 1304 251 1762 82
2 1156 214 736 160
2 851 45 1758 229
2 1106 42 1470 245
2 347 253 1252 138
2 1267 102 1352 89
2 209 131 1645 254
2 361 7 1230 185
2 1488 47 280 27
2 1503 160 1050 100
2 457 8 450 4
2 222 180 825 75
2 1263 119 1749 82
2 1268 106 249 247
2 1608 118 497 33
2 1546 131 1493 101
2 1834 120 841 122
2 665 31 97 198
2 1477 167 590 129
2 922 177 889 211
2 107 241 1145 51
2 1156 246 351 139
2 1661 213 623 169
2 1483 207 567 133
2 431 177 616 36
2 631 53 1209 104
2 533 48 736 241
2 928 91 947 172
2 1744 184 169 207
2 1225 145 1213 143
2 1729 154 240 75
2 677 198 616 253
2 1865 126 176 175
2 1056 231 1440 105
2 1671 180 1776 77
2 1331 89 861 151
2 629 137 1780 83
2 1636 125 939 45
2 911 225 1159 124
2 1285 243 613 136
2 1665 249 8 185
2 799 113 1824 136
2 1565 186 874 90
2 1684 10 1382 129
2 129 132 118 152
2 1415 152 1472 182
2 612 59 1750 180
2 271 116 1532 220
2 1553 18 923 162
2 1126 215 1568 139
2 1754 164 1584 117
2 2 222 954 192
2 40 71 290 20
2 1316 65 1601 86
2 1232 100 1708 98
2 908 243 781 150
2 1171 123 1125 237
2 163 208 570 122
2 1006 136 47 227
2 1862 100 48 180
2 1152 127 1550 179
2 101 40 523 134
2 1380 198 1320 64
2 200 227 493 215
2 591 214 308 193
2 344 61 1384 236
2 715 155 538 25
2 1165 67 687 89
2 748 139 1286 224
2 883 6 1183 198
2 1772 34 868 186
2 874 176 477 241
2 839 140 745 78
2 1220 17 1188 254
2 253 118 1256 61
2 1794 121 691 158
2 1020 42 860 230
2 975 12 1954 144
2 1656 65 1054 195
2 1839 3 524 160
2 116 69 1467 17
2 1801 13 235 72
2 639 9 500 251
2 519 226 1177 210
2 824 173 574 217
2 876 137 140 156
2 634 227 1304 114
2 11 41 1036 239
2 1409 98 331 52
2 1736 142 1235 128
2 279 66 874 108
2 1647 192 1613 151
2 1543 203 1222 235
2 1242 134 1550 238
2 579 151 879 231
2 1349 20 277 199
2 1491 88 1806 49
2 1606 155 1432 41
2 1308 226 754 184
2 1194 104 799 239
2 1709 177 1818 73
2 789 242 1664 80
2 1642 150 996 216
2 27 90 1087 10
2 742 235 1125 112
2 1359 254 1471 134
2 109 171 1089 120
2 770 5 1811 75
2 1868 93 1345 64
2 564 40 1163 183
2 61 80 1827 4
2 709 168 361 238
2 990 11 1528 51
2 1176 124 1705 123
2 446 206 1713 217
2 600 173 1580 158
2 231 44 654 28
2 84 150 1011 155
2 1418 55 197 82
2 924 29 918 152
2 1583 122 1838 194
2 256 191 179 68
2 764 158 1415 103
2 18 137 819 184
2 1553 70 623 181
2 1800 88 390 203
2 1909 165 1848 175
2 1092 61 3 74
2 1767 155 5 186
2 1489 113 779 52
2 417 159 1307 156
2 1531 30 403 178
2 545 157 1001 82
2 107 159 56 223
2 385 29 1916 42
2 1827 244 1889 244
2 1555 17 426 197
2 1349 25 1845 54
2 489 7 1034 172
2 1296 12 778 6
2 1489 190 789 76
2 1341 67 1209 113
2 773 156 670 166
2 690 125 6 70
2 1885 139 1087 156
2 1531 164 488 72
2 1310 57 1476 22
2 1362 213 981 142
2 460 66 312 213
2 771 243 156 127
2 1656 10 851 6
2 13 75 351 114
2 3 133 813 137
2 927 236 695 242
2 699 224 416 41
2 547 137 317 212
2 1956 231 1398 89
2 719 68 1232 29
2 772 52 1853 128
2 13 56 956 208
2 1262 157 1956 6
2 1479 98 660 237
2 115 116 1461 10
2 485 187 1681 210
2 804 23 241 23
2 1070 210 1825 149
2 309 188 185 199
2 1450 138 1414 205
2 1279 244 268 78
2 77 50 723 86
2 316 3 1562 203
2 42 30 528 238
2 755 169 396 182
2 1909 59 1257 204
2 1933 216 1821 183
2 1116 96 825 158
2 1522 146 468 12
2 197 240 1485 97
2 1256 240 529 32
2 665 224 1801 179
2 1836 212 516 160
2 671 74 873 138
2 1487 19 511 32
2 1577 223 34 117
2 514 10 1890 31
2 948 235 1642 6
2 975 198 1795 146
2 167 136 977 161
2 478 98 1109 203
2 1145 173 710 212
2 801 12 729 201
2 654 79 1638 194
2 71 208 543 127
2 1922 244 822 163
2 984 199 1272 53
2 1871 109 1197 116
2 177 45 301 94
2 1033 68 1957 51
2 1571 234 213 177
2 665 230 95 60
2 342 19 1080 118
2 1685 169 1299 188
2 972 177 968 100
2 867 11 768 103
2 1407 208 371 115
2 1652 175 1173 99
2 640 11 363 62
2 768 199 1387 189
2 202 194 300 206
2 1495 62 780 15
2 1124 29 464 38
2 428 44 1346 21
2 454 240 651 171
2 93 210 1147 80
2 351 151 813 192
2 1619 177 1120 134
2 478 194 243 102
2 1526 43 676 50
2 33 215 1236 233
2 1747 208 224 18
2 945 129 1258 193
2 72 105 816 50
2 152 234 520 110
2 1778 60 23 42
2 675 26 496 155
2 1116 124 97 88
2 109 1 1481 129
2 569 52 1397 183
2 598 241 1040 37
2 715 107 385 186
2 1151 115 1527 189
2 666 50 1551 195
2 1221 173 1461 179
2 1553 187 1842 46
2 698 13 1954 182
2 366 253 330 148
2 1560 211 1397 123
2 1011 39 833 79
2 759 127 1408 231
2 1772 200 689 105
2 300 159 1677 149
2 1272 21 1806 196
2 1729 39 1415 235
2 1906 179 1344 143
2 899 118 1734 31
2 313 57 1714 45
2 767 114 15 217
2 796 69 1314 45
2 1324 27 1350 252
2 522 100 379 10
2 801 33 1730 235
2 1446 41 51 130
2 1042 120 906 121
2 1527 65 1929 55
2 1427 77 1935 33
2 899 141 1334 228
2 198 194 8 53
2 127 236 1566 231
2 1496 22 1724 11
2 1079 142 1245 187
2 1611 68 435 149
2 895 66 190 232
2 635 240 1083 41
2 839 98 1327 196
2 1431 52 1095 249
2 1210 202 624 26
2 1901 205 641 213
2 689 218 879 96
2 1149 26 753 75
2 444 8 1891 122
2 1501 57 1685 162
2 1786 29 867 81
2 146 149 442 249
2 1743 249 1018 109
2 1453 88 1465 207
2 762 109 316 92
2 992 204 543 64
2 1013 248 755 25
2 1642 112 1895 167
2 1376 93 1938 206
2 793 158 1774 111
2 249 41 1297 227
2 961 19 1773 18
2 164 105 1436 105
2 835 73 1474 19
2 1748 159 1840 129
2 869 139 764 118
2 1466 48 997 57
2 745 117 1368 240
2 891 149 518 78
2 972 65 1015 216
2 1810 85 598 223
2 1517 16 1609 174
2 1902 113 1399 39
2 266 248 362 69
2 1763 40 231 66
2 1040 10 1371 242
2 933 135 950 110
2 1304 167 572 192
2 1500 42 63 209
2 1160 101 938 241
2 1460 146 1908 192
2 1728 200 1826 192
2 937 216 581 223
2 974 205 1365 236
2 426 71 389 18
2 873 77 279 45
2 1002 44 1321 146
2 1865 128 282 9
2 180 235 1057 88
2 1055 63 166 5
2 1441 231 1799 22
2 435 84 1013 236
2 1574 138 194 233
2 736 175 406 105
2 1876 232 442 200
2 1059 10 1937 229
2 1681 26 625 84
2 1939 203 246 104
2 822 179 868 175
2 1254 229 1582 246
2 400 183 1537 57
2 345 216 522 6
2 39 33 707 98
2 1458 234 1887 175
2 36 177 475 183
2 215 231 420 172
2 1203 230 926 139
2 907 185 157 12
2 820 170 1836 168
2 443 126 1883 184
2 1023 217 310 10
2 662 178 1673 91
2 360 106 294 169
2 508 74 1328 129
2 1637 107 425 159
2 1805 74 867 118
2 262 175 1846 223
2 147 174 253 226
2 678 74 472 88
2 810 8 1944 174
2 971 49 1203 14
2 1300 226 560 43
2 633 37 243 107
2 504 43 385 14
2 1341 142 569 157
2 922 87 825 73
2 1018 238 2 253
2 1868 224 476 141
2 1467 228 1659 61
2 1805 252 715 173
2 414 90 192 165
2 922 167 1494 233
2 1378 221 1596 148
2 1075 59 497 144
2 667 158 739 140
2 1528 164 717 102
2 117 64 691 124
2 201 184 1094 108
2 192 138 1157 200
2 1032 92 755 19
2 426 136 1720 82
2 1043 158 1 159
2 1182 7 1224 150
2 1683 168 636 49
2 1748 83 1255 223
2 653 76 565 126
2 935 156 1933 70
2 1719 240 263 66
2 574 182 919 228
2 1434 221 391 186
2 566 147 151 101
2 1818 118 318 177
2 1816 224 267 208
2 1826 2 1771 51
2 640 93 1291 230
2 713 41 1533 147
2 1713 219 64 39
2 1871 5 144 98
2 1624 207 675 161
2 54 151 1674 45
2 157 206 928 27
2 1001 206 163 36
2 1572 53 228 173
2 384 148 1290 49
2 1611 247 1555 85
2 741 112 1505 117
2 767 94 425 200
2 122 12 700 117
2 1845 85 742 64
2 749 50 1549 248
2 556 128 1859 75
2 942 72 213 232
2 834 79 740 20
2 858 168 6 8
2 433 44 1194 43
2 542 117 1139 5
2 1037 217 110 60
2 133 171 1622 25
2 1316 141 189 166
2 617 137 406 187
2 1237 220 1926 113
2 677 20 590 220
2 1477 89 1655 105
2 497 1 1554 24
2 446 77 1849 187
2 1556 51 245 163
2 1125 153 1350 39
2 620 124 57 29
2 706 60 1154 191
2 723 79 1460 11
2 1144 131 469 162
2 1727 246 662 196
2 1815 194 1572 172
2 518 218 1762 105
2 1477 200 1658 253
2 1548 198 1567 172
2 448 77 841 202
2 310 181 536 241
2 1813 149 1281 20
2 1081 90 579 172
2 1837 140 65 233
2 1113 65 786 208
2 1008 158 1826 88
2 1003 9 1849 10
2 940 166 161 2
2 106 18 1214 128
2 1639 116 535 28
2 227 178 646 205
2 1759 1 1666 230
2 1860 145 455 96
2 1434 120 230 176
2 471 129 1174 89
2 156 210 949 244
2 671 147 393 23
2 1648 220 1867 59
2 487 85 1624 129
2 787 94 1375 129
2 291 50 1369 2
2 324 159 443 50
2 500 29 1401 4
2 643 233 1597 157
2 999 236 1730 83
2 999 60 1846 81
2 980 31 740 136
2 759 9 55 2
2 1887 243 94 238
2 1414 187 1667 114
2 1889 115 62 50
2 1329 108 1935 77
2 1226 200 1413 91
2 1444 183 268 163
2 1367 156 1102 161
2 1062 98 475 141
2 287 99 60 20
2 802 190 61 50
2 798 97 592 103
2 340 67 56 206
2 592 114 1603 141
2 1468 203 416 225
2 1948 165 424 169
2 403 135 947 25
2 1647 90 1925 75
2 758 99 1778 144
2 922 233 1154 70
2 902 56 1608 179
2 1158 103 925 205
2 1560 88 391 55
2 957 101 1289 200
2 1006 244 1714 32
2 1294 252 771 30
2 437 81 1325 164
2 24 213 160 11
2 964 183 832 245
2 1045 34 1173 100
2 592 16 612 67
2 1872 76 1942 162
2 1933 149 1485 199
2 75 223 1861 7
2 1473 178 590 140
2 1405 91 1804 224
2 598 6 721 236
2 164 150 1340 146
2 977 68 1365 205
2 370 56 1431 24
2 1687 225 922 185
2 1793 108 1654 40
2 880 2 582 37
2 249 206 198 243
2 1054 67 729 188
2 583 58 1456 2
2 948 107 76 217
2 1084 124 576 231
2 439 56 626 218
2 358 92 1598 61
2 923 120 579 252
2 1670 102 1564 104
2 1286 25 663 242
2 1661 196 172 165
2 1203 131 1442 36
2 1150 125 482 97
2 1564 79 524 210
2 995 119 424 74
2 979 239 21 157
2 1797 254 1158 23
2 1302 194 1464 183
2 1551 12 1385 157
2 1332 191 110 232
2 1492 223 1428 110
2 1428 75 137 173
2 1512 16 445 119
2 814 247 1782 2
2 219 201 1262 111
2 1474 148 1120 119
2 221 15 1829 168
2 503 227 1915 41
2 1645 70 784 37
2 267 200 336 230
2 1308 77 1884 63
2 1904 28 1357 146
2 1208 151 1169 218
2 1767 220 278 58
2 1201 250 1744 141
2 1647 187 1701 30
2 822 125 1157 207
2 1262 18 1303 192
2 847 50 170 238
2 158 97 1940 109
2 1397 254 688 55
2 1630 173 266 215
2 1426 43 1755 122
2 1607 109 1092 232
2 1844 7 203 214
2 1260 220 878 143
2 1179 146 1690 228
2 1397 185 1212 216
2 1006 182 773 108
2 126 79 77 181
2 1006 230 781 103
2 1023 67 888 145
2 254 236 1800 224
2 525 211 635 96
2 1210 196 1219 212
2 1444 100 1506 106
2 914 56 12 197
2 1037 58 464 32
2 734 130 497 214
2 954 237 1172 168
2 1189 101 328 222
2 1371 225 850 158
2 1712 179 264 201
2 1353 182 565 213
2 1815 115 1595 130
2 992 147 1025 114
2 916 143 1463 147
2 157 136 1261 239
2 1493 12 1231 61
2 660 132 570 217
2 1821 177 785 105
2 108 190 57 5
2 1500 68 270 87
2 1548 195 1407 76
2 1692 158 1163 124
2 359 102 1790 154
2 795 139 42 1
2 1118 104 1534 89
2 408 56 1745 188
2 780 201 1272 21
2 1383 195 885 136
2 1464 226 1160 249
2 1361 140 670 114
2 111 104 1189 101
2 1905 121 11 254
2 299 12 1824 172
2 463 158 1158 43
2 1276 3 1888 148
2 1712 170 795 236
2 134 157 200 71
2 1593 1 84 165
2 1140 178 901 64
2 247 235 653 97
2 228 251 1543 95
2 1190 212 371 211
2 1232 116 1388 52
2 1458 186 1042 187
2 735 22 870 81
2 218 55 731 120
2 1956 182 1766 211
2 438 49 646 97
2 1758 182 618 117
2 108 161 595 108
2 851 9 97 207
2 1416 97 1888 175
2 1068 193 919 135
2 634 175 1293 188
2 1185 244 941 127
2 434 193 1048 202
2 261 41 975 218
2 122 239 441 189
2 98 105 949 206
2 571 210 1917 197
2 1151 71 281 225
2 357 68 1393 9
2 1559 70 672 228
2 1266 232 668 124
2 1793 168 1471 65
2 1203 17 1410 210
2 1258 160 1509 69
2 1146 83 970 28
2 553 139 106 244
2 1823 156 1703 25
2 1655 254 1750 32
2 1037 213 1388 66
2 1725 166 13 169
2 1889 99 1706 15
2 181 200 21 56
2 1369 164 1470 244
2 1435 106 284 235
2 1505 177 269 141
2 1721 161 193 46
2 88 38 30 48
2 512 113 701 48
2 1400 101 664 145
2 897 164 1717 59
2 1463 109 92 22
2 416 208 289 182
2 1078 70 1002 195
2 326 143 1442 197
2 1952 47 1092 111
2 157 198 1260 34
2 1326 59 1064 95
2 418 109 565 86
2 593 154 1844 57
2 1298 151 1856 163
2 1165 190 1318 247
2 1072 185 1125 173
2 1155 216 1461 244
2 1280 172 1144 138
2 785 51 1528 141
2 390 123 1133 243
2 23 77 841 55
2 81 215 169 219
2 1956 57 682 191
2 924 201 694 233
2 534 53 1268 235
2 1776 221 479 226
2 1603 91 1147 207
2 1736 48 631 153
2 1356 203 619 24
2 586 51 1142 41
2 1496 199 156 23
2 244 173 191 229
2 1857 8 39 8
2 1054 117 1898 28
2 486 226 1790 222
2 1225 189 1600 63
2 999 224 1023 216
2 537 98 1641 119
2 1783 147 816 47
2 47 131 71 5
2 1442 5 754 220
2 1691 89 895 160
2 895 148 1262 185
2 271 249 1152 235
2 217 9 225 224
2 1123 110 618 167
2 578 45 1575 158
2 469 71 128 230
2 217 95 666 86
2 1875 135 1922 210
2 53 57 1396 153
2 337 20 1024 61
2 1664 239 173 85
2 1412 157 664 88
2 1724 136 429 116
2 1231 25 777 11
2 782 239 1175 123
2 736 160 1576 22
2 1953 162 1362 211
2 1014 154 774 246
2 132 244 1291 163
2 994 234 810 43
2 942 181 208 8
2 81 84 1591 105
2 1199 223 1337 8
2 1240 245 260 53
2 1953 154 1635 52
2 234 202 1265 16
2 1098 136 1647 49
2 1549 202 137 88
2 1478 82 1776 219
2 1368 46 987 182
2 808 68 36 224
2 1665 59 1200 103
2 306 241 1664 227
2 1244 145 1055 208
2 71 210 921 183
2 1944 93 1853 189
2 1019 189 619 11
2 1737 204 1369 148
2 532 26 877 152
2 1760 165 410 233
2 247 218 1142 214
2 934 201 538 241
2 1947 162 1743 119
2 800 110 47 1
2 459 208 1479 240
2 1488 214 378 113
2 1061 101 1151 206
2 10 62 88 171
2 72 127 1308 18
2 999 236 611 55
2 589 26 661 251
2 1193 139 1144 241
2 1693 157 216 115
2 305 104 150 226
2 737 242 1215 212
2 408 249 367 169
2 1587 160 749 215
2 1696 61 846 96
2 802 116 1746 13
2 1041 236 355 57
2 572 100 11 158
2 1178 4 354 144
2 518 138 1589 61
2 655 226 964 227
2 898 27 418 177
2 1242 161 1465 181
2 1129 118 1537 89
2 360 6 1172 237
2 556 41 309 101
2 1002 236 1360 3
2 1776 135 164 36
2 137 237 1424 73
2 1179 88 1391 61
2 1718 80 407 121
2 1850 210 1100 182
2 1730 238 921 130
2 1451 215 1906 184
2 1692 178 964 201
2 154 167 540 131
2 458 151 607 167
2 91 219 1874 156
2 995 132 1656 56
2 1868 241 343 214
2 304 37 522 63
2 729 101 963 205
2 1685 83 1382 85
2 1895 95 194 92
2 1205 62 1064 168
2 1936 37 1447 238
2 114 140 1397 174
2 163 183 1761 174
2 794 170 1797 30
2 1278 89 1893 82
2 1872 151 1825 232
2 45 118 26 32
2 881 175 1774 190
2 1549 196 932 23
2 177 245 1777 14
2 414 249 84 238
2 1701 220 126 33
2 1812 103 1084 178
2 1064 101 1646 72
2 1198 136 1732 58
2 1049 181 1219 204
2 156 132 62 128
2 585 155 1731 108
2 1094 48 592 240
2 1363 142 471 57
2 1697 70 1702 203
2 551 63 219 64
2 717 113 1516 198
2 966 218 248 220
2 629 98 1197 152
2 408 160 379 36
2 239 132 1390 172
2 231 194 908 203
2 1090 25 1201 170
2 1388 7 992 114
2 317 10 1356 44
2 1082 36 884 174
2 706 181 1820 119
2 95 91 1752 134
2 1940 251 984 54
2 1142 145 1655 25
2 914 210 932 80
2 505 71 1755 52
2 1585 254 309 93
2 1285 86 855 76
2 93 79 589 210
2 204 233 1204 136
2 279 203 181 142
2 13 137 61 137
2 79 233 1793 203
2 1378 117 390 74
2 1522 159 789 234
2 1757 204 1408 96
2 876 65 1192 233
2 933 128 40 250
2 1537 189 1088 109
2 1892 34 1663 228
2 450 159 297 9
2 1520 31 891 60
2 163 175 808 171
2 1939 43 32 68
2 243 166 1430 10
2 1016 120 1297 91
2 1080 168 753 27
2 1333 59 544 195
2 1798 166 1740 159
2 360 10 274 160
2 1547 5 913 122
2 793 238 1164 169
2 435 36 1850 232
2 773 86 1558 142
2 180 252 505 178
2 880 221 863 177
2 1394 225 1126 43
2 1617 124 336 229
2 1037 160 1149 132
2 1756 100 1593 169
2 751 55 84 226
2 801 67 1563 13
2 768 208 1733 7
2 970 244 553 29
2 1911 165 1781 113
2 56 122 1093 209
2 33 160 1222 72
2 1562 2 1865 47
2 1509 15 487 102
2 431 149 826 218
2 620 85 1597 103
2 391 51 159 134
2 348 174 43 117
2 1845 188 92 166
2 1932 250 1841 4
2 891 245 1957 198
2 1829 211 705 124
2 477 86 98 120
2 18 41 1325 62
2 626 142 1258 13
2 346 24 98 253
2 1753 62 1683 57
2 430 60 1859 50
2 1638 218 208 214
2 696 154 1580 118
2 902 51 315 75
2 353 60 130 181
2 928 61 1150 190
2 801 28 1259 55
2 31 42 44 221
2 370 142 979 95
2 856 21 537 53
2 958 140 961 8
2 537 181 1920 78
2 827 151 1560 241
2 1679 59 926 151
2 1095 117 686 2
2 1272 36 1801 138
2 1373 161 681 247
2 1512 110 1008 131
2 751 74 1662 98
2 1421 226 166 228
2 1144 66 478 132
2 1486 97 436 97
2 1028 205 786 184
2 1869 210 1895 183
2 880 124 1584 49
2 621 96 370 181
2 1697 8 347 179
2 1152 172 1206 125
2 1798 153 1268 110
2 1903 185 1408 141
2 876 226 1917 30
2 748 59 1657 54
2 1471 243 1213 178
2 528 115 126 32
2 1028 40 480 121
2 443 80 1239 157
2 286 250 398 249
2 1829 167 976 25
2 1494 81 625 77
2 201 17 455 191
2 1885 30 634 238
2 810 164 586 98
2 361 135 61 248
2 185 101 1165 239
2 1879 211 1858 26
2 1166 171 809 157
2 458 195 895 77
2 541 77 1035 230
2 62 140 1322 167
2 854 120 1568 152
2 1797 68 165 43
2 447 85 234 228
2 345 132 1240 64
2 131 245 1482 164
2 965 102 418 52
2 1407 21 1855 21
2 972 134 1853 88
2 154 59 1710 163
2 141 226 704 7
2 18 194 597 244
2 331 180 456 171
2 570 3 918 9
2 958 122 820 97
2 1617 79 328 150
2 423 14 751 112
2 1723 173 1010 181
2 940 247 174 202
2 7 23 402 213
2 395 243 747 128
2 429 10 421 12
2 369 58 549 170
2 1060 249 511 8
2 1198 240 1819 109
2 1630 61 332 24
2 678 79 1898 52
2 1668 15 1621 154
2 1914 244 1039 91
2 1803 244 1528 6
2 1695 232 944 45
2 249 53 1573 35
2 901 170 1361 233
2 1829 161 473 118
2 1289 228 412 242
2 1764 68 1627 93
2 1841 2 925 140
2 921 63 1512 139
2 879 50 1027 212
2 1299 159 1448 17
2 556 158 867 109
2 792 197 1416 180
2 712 39 441 85
2 787 114 843 148
2 742 33 1935 101
2 399 244 973 157
2 1073 64 1412 47
2 1683 16 3 121
2 228 192 60 118
2 1001 95 1641 189
2 1956 179 882 233
2 516 120 1559 13
2 1210 19 275 82
2 838 118 399 51
2 1690 246 867 194
2 1160 80 1176 86
2 1143 105 931 238
2 1314 13 866 239
2 1213 124 842 124
2 342 33 190 96
2 1911 48 483 247
2 998 93 619 12
2 1019 250 103 40
2 1770 180 559 212
2 1343 71 1726 19
2 658 123 222 153
2 265 1 242 63
2 1808 237 317 149
2 1611 253 1603 85
2 363 82 907 42
2 1531 81 1102 19
2 1282 206 279 66
2 1413 98 1813 152
2 91 72 1093 246
2 1276 234 1923 113
2 827 222 860 87
2 215 227 916 192
2 1945 191 481 61
2 1011 94 1008 186
2 522 124 1585 36
2 1600 65 9 36
2 863 35 755 140
2 1599 69 1823 162
2 390 239 1567 217
2 1183 197 1906 187
2 1644 54 591 94
2 1800 9 1045 248
2 55 66 771 226
2 828 3 1799 113
2 262 222 1110 153
2 1067 190 398 13
2 368 53 306 13
2 1231 209 701 226
2 1110 214 412 148
2 1137 170 1852 55
2 908 154 898 99
2 336 32 606 65
2 593 65 663 218
2 393 185 911 148
2 1755 208 395 75
2 284 123 1716 73
2 1884 118 1200 235
2 366 174 1116 55
2 543 170 403 198
2 410 70 1057 177
2 936 67 487 165
2 816 248 1918 153
2 1215 96 409 116
2 1025 136 391 164
2 663 246 672 17
2 1393 2 1268 219
2 1316 153 1324 92
2 369 186 994 188
2 111 10 941 148
2 1257 228 1144 185
2 1457 180 1706 48
2 464 50 1409 151
2 1929 234 1339 61
2 1803 204 623 9
2 580 1 1346 207
2 903 153 106 232
2 823 85 1361 55
2 918 85 930 227
2 329 35 47 68
2 1871 18 1131 228
2 75 94 390 248
2 732 134 1451 45
2 1108 191 625 185
2 409 197 508 241
2 762 217 848 66
2 1672 1 1957 171
2 1784 171 466 139
2 527 4 1901 52
2 1768 160 495 122
2 996 57 1863 17
2 1445 191 787 146
2 740 34 193 208
2 1273 248 409 21
2 1727 29 141 125
2 1738 80 1421 9
2 38 178 1332 93
2 248 202 326 147
2 132 109 1499 229
2 918 5 1193 9
2 489 69 1343 140
2 1057 72 1764 215
2 1326 26 517 31
2 1069 113 1331 130
2 271 222 80 129
2 1083 155 864 32
2 646 243 363 111
2 1126 81 897 193
2 1895 105 1941 9
2 51 120 816 10
2 1480 4 503 231
2 1000 1 924 65
2 1787 42 1289 149
2 1421 185 1859 72
2 1642 90 260 246
2 1188 129 1270 206
2 538 12 1482 65
2 504 58 1344 105
2 705 120 1354 47
2 1132 112 1255 221
2 699 80 1241 18
2 1209 86 1710 225
2 559 144 364 206
2 1148 191 850 210
2 990 38 808 33
2 1702 80 872 166
2 1389 98 303 6
2 838 18 972 74
2 719 189 113 116
2 1170 3 726 141
2 179 219 166 192
2 1602 192 985 166
2 1856 176 1490 31
2 614 86 598 235
2 1280 154 732 58
2 886 96 1554 236
2 748 41 323 50
2 621 195 1954 171
2 201 130 147 207
2 1369 218 789 163
2 58 9 1323 166
2 991 218 927 240
2 759 66 1323 247
2 409 143 1055 186
2 1392 161 1632 197
2 1233 216 441 100
2 536 252 1276 233
2 856 180 985 183
2 1319 83 1915 53
2 966 242 1152 89
2 1384 204 1234 186
2 876 207 1831 42
2 1493 226 950 235
2 1188 40 404 192
2 1223 227 737 30
2 364 174 1833 231
2 850 133 812 108
2 1446 29 1005 56
2 1599 50 1346 252
2 1790 92 1913 216
2 1124 30 1765 178
2 1597 242 1766 35
2 530 105 459 81
2 1412 186 1613 21
2 1380 185 1703 155
2 1156 145 383 192
2 1372 155 1252 17
2 1246 241 204 170
2 15 191 1050 16
2 1783 133 1307 116
2 1120 7 1274 96
2 1130 188 296 139
2 546 125 726 196
2 1837 121 26 227
2 1913 199 1696 131
2 1562 191 1161 12
2 1610 213 930 146
2 533 27 1283 10
2 1596 118 16 96
2 938 200 1945 19
2 1879 180 1596 115
2 541 132 363 154
2 1418 82 311 77
2 970 112 1763 160
2 128 77 1399 175
2 724 121 1949 105
2 957 22 1481 146
2 961 116 1580 187
2 511 45 1150 32
2 721 68 1858 4
2 1304 105 1432 248
2 338 14 1488 253
2 1303 218 521 37
2 337 109 498 55
2 1379 213 1879 171
2 1785 163 790 163
2 243 68 1895 153
2 548 171 1413 139
2 1112 161 1414 174
2 1556 112 5 98
2 1807 199 1085 165
2 1075 141 1194 225
2 876 104 1000 60
2 1594 147 966 130
2 1033 187 1285 191
2 458 244 30 185
2 459 114 165 40
2 921 175 1358 95
2 436 140 1364 131
2 498 51 1954 182
2 866 7 444 46
2 423 161 286 148
2 1952 23 710 109
2 1263 118 772 100
2 514 161 278 40
2 1432 133 604 20
2 1014 59 581 161
2 1655 243 507 248
2 1677 7 1177 47
2 1372 77 774 187
2 1389 75 1030 249
2 325 107 1821 215
2 1641 55 1401 132
2 1162 166 1633 90
2 1272 61 486 167
2 1587 169 972 121
2 1089 73 1583 122
2 879 137 310 102
2 1258 111 1303 121
2 1163 219 1602 89
2 724 240 1502 173
